　蔡志浩 Z音集成 Altavista 台Z84to86 
的　6538132　237604　249077048　139856 
一　2542556　95962　137300665　46186 
是　3200626　84873　70307935　42232 
不　2831612　68112　75165632　33168 
了　1507218　58675　56356294　18717 
在　1715554　58554　64556210　32425 
有　2289333　57404　70807884　32746 
我　2584497　57271　50424060　16013 
人　1598855　49441　119792771　29670 
他　635766　45357　41889311　15766 
@　986130　43555　33182449　17108 
　933857　37544　39369130　15665 
　571155　33770　21606685　9781 
怼812950　33364　30746832　16048 
大　1891383　31854　93982911　20300 
椤847332　31370　12921735　20546 
上　828394　29800　71755024　17775 
r　658186　29007　71103661　16800 
能　668264　28909　33709903　12433 
以　994958　28370　47473392　21367 
和　333422　26962　37142620　10202 
要　1034142　25982　42251058　13005 
f　638724　25734　5011807　8335 
就　803921　25381　20599303　11419 
到　1310850　25359　28296213　14157 
地　374510　24135　50058345　11597 
可　992842　22576　34833352　16110 
那　610340　22355　14924661　4808 
　430450　22288　41071187　16173 
　894569　21886　30454564　17024 
也　712260　21812　20679806　13984 
中　1322363　21698　90596175　20333 
生　601668　21371　59221598　13114 
子　459460　20904　50150241　8411 
著　210770　20598　8374855　6296 
出　513081　20085　66229471　14733 
你　915385　20058　22557737　4778 
家　447793　19991　31144015　10288 
多　542911　19430　29312812　11217 
得　521836　19144　25648807　9925 
年　343135　18371　83692245　16720 
用　695290　18323　59604902　11064 
N　535402　18052　2258986　4195 
W　806783　17540　24989350　7515 
下　589356　17531　48360342　9351 
工　521467　17027　29347619　6617 
去　443547　17027　15970063　5586 
都　493206　16793　20674028　8495 
於　353628　16750　6980151　11854 
之　527444　16569　26882981　13193 
自　462155　16520　46557213　11054 
Α500435　16499　21136677　11291 
^　586922　16341　23791465　9765 
方　310681　15859　51069514　8523 
作　287015　15856　50085630　11141 
好　860232　15804　24624688　7031 
成　406735　15596　40093105　12637 
小　530133　15175　32797610　7133 
印301165　14918　8594956　3982 
看　632561　14807　12465874　5794 
分　243477　14569　61184286　8262 
十　222525　14421　19840321　9751 
天　569684　14109　22544291　7227 
面　252008　14054　27174778　7174 
l　374961　14006　23625486　9485 
然　364596　13630　19711927　8116 
同　395867　13626　28621015　7571 
摹160052　13619　9465126　4825 
後　459039　13560　39070471　11234 
印256817　13391　38338932　8811 
N　245042　13280　18359055　6654 
所　558469　13035　37131204　10184 
]　638184　12981　2577113　4804 
她　211517　12964　11660846　4352 
三　301762　12908　23579146　7394 
如　659275　12844　16470708　9250 
伞206181　12721　9017833　4815 
又　249806　12589　9653551　3356 
此　295670　12489　10853550　7466 
事　312553　12427　52996271　7548 
道　386382　12373　31452109　4570 
　511627　12302　11858825　5313 
而　459507　12301　16437111　13393 
I　112036　12232　49983456　9632 
起　228817　11654　16557034　5417 
主　224073　11639　27208130　7203 
二　260189　11575　22623576　6198 
行　285867　11551　63096183　10693 
F　341466　11493　28112520　9295 
怠161281　11339　9940454　3880 
　282242　11333　19757717　8989 
心　445610　11278　29356304　8549 
因　326759　11188　12276055　9014 
想　525378　11087　17056095　4786 
但　362245　10961　9566151　7706 
很　417617　10955　8002029　4735 
些　304517　10768　8559313　5273 
c　319559　10626　12511793　4991 
　354718　10483　12396960　8130 
物　119523　10324　27834177　4946 
只　443992　10223　2622784　5481 
c　264663　10155　16692175　10362 
L　237093　10118　28695608　7266 
前　339595　10065　41607672　8631 
水　186822　10006　22737548　4423 
本　353034　9960　62893452　7747 
_　265943　9732　32956182　7238 
法　370276　9723　33390275　7650 
民　211274　9723　17166040　5663 
其　317897　9479　15457275　7812 
　183680　9462　44820105　3028 
M　212481　9416　22133003　6218 
定　322471　9311　41374700　6644 
　264457　9291　13100032　6155 
日　273090　9289　120306578　8147 
把　197579　9169　7209865　2696 
知　434311　9092　24371874　3602 
最　335527　9060　31575358　8268 
　601742　9009　24431652　3948 
等　177504　8967　22034221　6436 
w　190332　8840　13637411　7314 
高　251576　8794　34317381　7739 
已　235726　8777　10307866　5654 
各　210520　8742　13984068　4031 
外　217422　8728　25354245　8117 
意　322755　8709　24821317　5741 
由　163832　8632　14442714　6235 
^　146705　8623　13088547　3507 
力　247326　8522　28396748　7611 
四　165306　8375　12363423　4830 
o　368361　8292　28168675　5793 
正　266725　8199　19203694　4784 
使　216201　8194　29200836　6188 
狻121890　8176　6550568　3508 
做　186770　8156　5352205　3706 
部　176255　8150　38447388　6464 
理　286328　8037　39748680　7441 
里　39663　7920　2747191　1371 
表　160779　7897　26696449　6624 
全　207034　7874　31099331　6188 
　206982　7865　12272175　6905 
相　224206　7799　18875982　6098 
重　190069　7786　17808139　6108 
g　221727　7779　42959842　6416 
加　205509　7683　24842115　6328 
或　248845　7607　10508341　5747 
手　236673　7576　34841827　4945 
常　185860　7509　13646515　4832 
情　318027　7498　30400760　6487 
及　193509　7495　19005061　9029 
己　228330　7472　8498285　3805 
明　234613　7366　25177079　4573 
　246284　7316　12436222　4725 
它　160436　7306　5987116　2642 
C　468878　7281　32311793　6923 
a　57950　7268　3260090　5721 
便　114674　7252　8697977　2630 
度　147388　7248　28976948　5467 
回　205155　7151　32434491　3763 
位　291403　7118　19088660　5910 
向　107020　7116　17295454　3369 
骸85526　7091　5659305　2277 
公　195727　6999　33141912　9864 
少　206744　6993　16499069　3572 
形　80289　6980　11612590　2964 
　509516　6968　35556573　8070 
老　198538　6921　8541214　3189 
候　79364　6911　3754200　1728 
果　324143　6879　15841519　4923 
量　75841　6809　13622925　3267 
住151638　6753　5322899　2712 
第　202411　6686　33909147　4526 
什　276297　6609　6098248　2221 
活　125568　6510　17625005　4580 
走　93148　6494　9607711　2098 
直　125478　6479　12210010　2830 
比　253132　6446　11203642　4686 
化　119804　6444　26030136　5580 
身　141638　6424　14894910　4275 
x　115744　6406　8572923　2258 
先　172122　6403　19824134　3322 
　88361　6402　9958265　2890 
平　110325　6393　19050853　3167 
美　173127　6363　18936098　7899 
利　105611　6324　19823710　4919 
文　651140　6317　34549185　6049 
原　174329　6307　17576549　3890 
再　261987　6238　11048625　4234 
o　189973　6231　8911966　2503 
新　334204　6209　48129983　8491 
代　141314　6195　21243917　5817 
　122633　6167　5677875　3496 
西　121877　6066　13902174　3330 
解　180531　6065　16172102　3334 
P　222896　6018　13796784　4928 
才　214782　6012　7000082　3692 
立　158292　6010　22050632　4198 
K　135265　5987　4859595　5588 
　73304　5959　3801153　1522 
政　134882　5908　15111680　4608 
e　190394　5828　12283054　3317 
元　100523　5828　16800072　3989 
T　109155　5810　20801873　4685 
　11796　5797　89437　530 
真　335203　5755　18727448　3315 
　110548　5723　6303495　2032 
合　156030　5662　44775912　5422 
教　245033　5650　24906950　3864 
　265861　5618　27216765　2936 
每　131090　5608　5909260　3810 
太　232918　5579　9760585　2999 
更　152691　5530　16712489　4880 
五　122901　5524　10290062　4972 
叫　100049　5524　3836763　810 
取160755　5522　4177991　6074 
月　177519　5439　63554016　5588 
百　64888　5428　6462291　3588 
甚　60517　5399　2296446　1521 
女　245920　5278　20688472　4683 
至　158841　5271　7336123　4551 
呢　217180　5262　2709914　968 
次　236297　5252　20795449　4224 
}　316919　5232　20559229　3415 
受　116232　5137　14802199　4046 
社　156267　5135　28553797　2501 
放　126684　5094　10473953　2788 
山　131818　5075　24138228　2559 
入　167507　5058　41891649　4786 
九　60561　5011　7328570　3977 
　137149　4966　21173446　4285 
今　143560　4965　34928058　3498 
稹113772　4962　5042917　2935 
|　183624　4956　22520010　3244 
怎　154174　4952　3083392　781 
被　197413　4922　8335990　3760 
　101978　4904　7444835　3862 
Y　129335　4899　18420586　3297 
t　108300　4886　6923745　4279 
　188903　4875　4415597　1555 
眼　71058　4867　5322314　2008 
打　233464　4857　9605930　3321 
庭　11105　4832　3196915　743 
名　278941　4825　37417797　4861 
路　232737　4809　13613629　5058 
光　145520　4809　12589445　3596 
口　88727　4806　15849384　2843 
　244964　4803　17590592　6694 
必　112173　4797　14570997　2814 
命　87293　4793　7639984　2108 
反　114332　4791　8384910　2664 
角　48659　4756　4668916　1697 
性　199183　4740　28066114　7495 
　166626　4729　29747750　2716 
六　71823　4717　6335631　3284 
　70663　4714　7046994　1881 
接　137368　4713　12476897　3789 
　139649　4711　8494488　3903 
者　283962　4693　41892788　8832 
色　108485　4652　13526727　3922 
八　85474　4618　7887992　3412 
世　116862　4588　17431806　4342 
像　243002　4521　10678372　3545 
期　168934　4491　22174466　4929 
求　99296　4486　9696584　2790 
O　125381　4463　23290060　4490 
白　104398　4454　11361763　2025 
S　145559　4445　7203884　3215 
\　72593　4438　11806102　3060 
H　51866　4420　7029171　2042 
指　123022　4396　14534369　3290 
任　117100　4394　10488472　3280 
D　74216　4374　6503328　1975 
通　170230　4328　28966880　3407 
X　216291　4327　3869357　2552 
　193909　4307　12356254　2402 
邸262882　4296　11418672　3009 
l　59837　4269　7467804　1374 
式　202729　4261　17565304　5674 
T　89827　4260　13534493　2494 
例　53106　4249　8583533　1886 
界　78850　4187　12908350　3616 
即　84346　4159　5527943　3084 
且　128957　4133　3942865　2933 
海　88905　4131　17456867　3420 
港　20031　4121　5876513　1605 
f　96237　4095　7817629　3427 
帷353524　4094　2859370　918 
字　135740　4088　13771689　1765 
　141428　4078　23878484　2939 
快　159776　4074　6839467　2074 
象　82336　4031　7994071　2487 
建　128612　4030　14967074　3646 
算　142333　4028　8630031　1665 
提　599147　4013　15264791　5216 
M　96711　4006　14698424　2296 
Q　58681　4002　4245361　1419 
近　115913　3999　15663281　3052 
s　112237　3982　1003834　3016 
花　101015　3978　9659415　2419 
共　89634　3949　9760962　2574 
А76240　3941　4295901　2475 
^　86794　3914　4511996　3779 
往　63499　3914　3946698　2528 
完　138826　3888　9136051　2758 
感　203436　3869　21454232　4296 
觥160542　3869　39734000　6950 
L　182757　3868　12660145　3626 
件　98128　3840　18065000　2931 
　78205　3830　10673551　2803 
y　147058　3819　7510819　2300 
特　103567　3814　18870388　4914 
住　84509　3811　10953505　1689 
信　406628　3804　24418285　3202 
Q　97148　3803　8865403　2012 
程　197707　3763　14792947　4165 
　140616　3759　7145885　1618 
空　113648　3759　12428403　3332 
示　63561　3759　17497747　3567 
影　110761　3744　9402886　5299 
何　394682　3701　23330744　3424 
展　56225　3687　12769875　4601 
北　112186　3677　15321812　3499 
J　153895　3669　11732070　3250 
制　74134　3655　17936274　2264 
思　101505　3652　32778214　1552 
|　53139　3621　11231476　2676 
科　311419　3618　16535016　2506 
吃　84729　3605　2463037　1452 
^　161783　3604　5031859　3083 
半　69801　3602　8093346　1804 
球　199740　3597　8467518　4329 
市　105637　3597　35901651　7155 
取　119840　3584　18335531　2209 
望　155460　3540　9019285　2517 
　104347　3539　8809702　2779 
流　92482　3538　12827551　2835 
笑　94756　3530　17563432　828 
片　107600　3522　6475936　3207 
坐　32688　3506　1900701　679 
　216069　3496　6230963　2895 
王　119466　3481　7949161　1912 
　72278　3477　3533817　1705 
A　16038　3432　4239361　732 
交　728005　3412　13804856　3121 
h　125116　3411　2232399　2388 
^　169166　3401　10140141　3658 
早　67132　3399　8041778　1610 
保　99970　3398　18301755　3495 
造　71032　3397　9686902　3548 
千　59102　3359　7390313　1845 
O　48680　3359　5740602　1784 
帷52375　3357　6447987　1783 
　111228　3337　3366044　1357 
　112529　3331　6475292　2883 
管　170135　3278　15711573　2978 
七　62853　3277　5283136　2933 
目　157966　3256　34971369　4713 
根　59387　3256　6286587　1524 
父　30608　3254　4275330　1078 
南　77470　3251　11586533　2493 
安　103801　3248　16293270　3469 
孩　80204　3227　2457749　1450 
Y　1115608　3222　23246569　7753 
非　128617　3204　8966923　2758 
神　119932　3199　14590293　2359 
改　128407　3197　9886703　2711 
切　58909　3185　11670265　1543 
　135409　3182　9877274　2638 
　25049　3154　1499704　871 
金　108819　3153　27419447　5602 
D　125171　3148　5646736　2263 
若　141796　3147　6093193　1578 
死　114694　3142　7746240　1414 
品　72832　3137　29500084　6624 
清　302588　3131　6963682　2395 
M　71310　3129　3281863　1953 
蟆125240　3127　33863230　3763 
r　12610　3110　5653212　868 
巍116886　3106　7520998　2823 
k　102939　3106　5975516　2195 
　95710　3097　7370731　1726 
R　88333　3091　10980171　2708 
h　80657　3085　6100907　1632 
吧　295069　3078　2593003　760 
收　71165　3069　7049150　2566 
步　51305　3052　4201303　1868 
　58668　3050　5131712　1877 
B　127418　3049　17160861　2631 
容　108060　3044　13880043　2718 
段　62173　3038　7407594　1550 
　44699　3024　2833471　1729 
x　63204　3019　6138462　1517 
服　71299　3012　9891353　3201 
跟　112513　3004　2711118　1032 
　86815　2980　8408243　3297 
　121652　2972　10201945　1400 
究　99256　2959　13898684　1792 
告　153380　2942　12086542　3267 
音　170924　2921　13677392　3390 
y　141769　2917　11169108　4532 
А62860　2917　9299984　3181 
e　20369　2910　5498038　1165 
治　62946　2904　9046272　2187 
香　32674　2894　6469288　1710 
　134407　2893　10475211　2476 
士　113982　2889　8756531　2421 
R　73392　2879　7519314　1453 
易　63406　2875　7199735　2330 
　53837　2866　4424579　1801 
m　72668　2854　2444498　2122 
照　60147　2839　5763621　1645 
料　84954　2829　19538915　2576 
似　75146　2824　3931496　1388 
器　77660　2823　11344433　2263 
苦　53817　2823　4973064　828 
始　72626　2821　10738200　2347 
故　72033　2820　5677182　1309 
贰168280　2802　5708116　4076 
整　75045　2789　7861521　2799 
g　65266　2788　15784757　4900 
革　10254　2775　3252818　520 
精　69858　2768　7006392　2344 
火　64196　2761　7640099　1478 
鳌101724　2759　6647759　3115 
需　90154　2739　4953894　2575 
友　214814　2723　9944478　2204 
铡72387　2722　18659094　3831 
_　79923　2715　11567055　1730 
s　69741　2714　11409377　2659 
研　125550　2712　16609771　1974 
S　43117　2703　6729149　1447 
I　36858　2697　5104475　1676 
失　84799　2688　6321250　1802 
除　78924　2678　7221533　2850 
　576417　2652　9820255　1754 
份　99488　2642　4222654　2263 
未　97286　2638　8225190　3116 
消　57326　2625　8413808　2132 
越　58490　2616　5624761　1233 
具　45052　2612　8849746　2796 
曾　93394　2606　2417209　2052 
志　49868　2603　4896351　650 
商　59657　2602　15824123　3622 
颉66056　2600　519433　1265 
　65267　2588　5962654　1425 
_　68312　2584　13380433　3164 
足　47014　2570　9109826　1653 
深　67687　2565　7208428　1977 
　39517　2559　10168949　1867 
洹80164　2552　11355934　2231 
X　84904　2547　2511357　1541 
p　50407　2544　4690230　1789 
青　44152　2537　7052172　1046 
府　29469　2532　6692507　1892 
般　87661　2520　5657627　1811 
石　37521　2518　8614082　1252 
校　192451　2517　13394279　1218 
演　68360　2514　8569690　3394 
省64150　2513　9349991　1830 
持　95656　2506　16837091　2616 
d　105059　2502　5838768　1768 
　44803　2490　1057286　1983 
包　60049　2471　5289095　2446 
食　22222　2470　13547499　2190 
增　34603　2460　4970093　1794 
　49816　2459　5328166　1980 
船　12875　2447　3760083　617 
　41672　2438　7122180　1485 
病　38013　2438　8213319　2292 
w　71452　2433　6706396　1322 
答　68517　2400　5669198　807 
仍　47529　2385　2285657　2021 
　48435　2379　7763522　1471 
值　57997　2377　3285239　1781 
列　61352　2376　6540666　2029 
米　18398　2374　6392675　744 
亦　42217　2370　1869634　1093 
功　111553　2368　6728702　2491 
　166049　2364　5323758　3661 
率　45566　2361　6957215　2248 
晚　63237　2350　2597585　987 
　87813　2336　4313620　2022 
母　31843　2336　4977748　1221 
　52773　2334　7702757　1793 
r　102882　2321　6382822　3647 
{　61916　2320　13763233　3031 
土　45706　2303　10109707　1544 
v　77918　2298　6958835　905 
另　83262　2282　2834411　2346 
河　22976　2282　4471327　712 
院　66835　2277　10872925　2578 
房　30239　2265　5893079　1862 
找　166755　2263　3105437　1535 
　24848　2258　5409089　1515 
基　81818　2249　14267987　3426 
拿　80772　2246　1977697　1039 
言　136534　2244　33223274　2442 
星　128833　2244　7787937　2090 
英　77253　2239　8411873　1944 
息　54380　2226　9280727　1355 
b　78681　2220　4879796　2216 
e　51086　2216　2674451　1972 
育　55965　2210　12625373　1301 
亍36448　2206　605236　1079 
S　49767　2205　3174566　1545 
黑　64983　2200　2406345　1163 
群　39731　2184　3585442　1169 
I　143064　2177　9788066　1855 
g　159365　2173　3189110　1614 
　77423　2171　3090297　4557 
史　43277　2164　5788035　1738 
凇12873　2163　1638753　871 
夜　59755　2147　7340891　931 
集　58884　2133　18716706　2076 
站　446241　2131　7523661　1624 
衣　22367　2128　3108852　729 
落　58567　2124　7023630　1418 
F　62106　2120　4099846　2461 
底　68724　2118　3442560　1734 
　52770　2114　11379764　2124 
　86573　2107　7253255　1848 
l　132063　2106　5348001　542 
古　51625　2102　7531652　1490 
夫　33289　2098　6751995　1198 
哪　93877　2093　1584625　503 
首　53235　2093　7095429　1692 
x　163162　2086　15696965　4516 
H　39814　2083　11690525　2554 
司　49008　2079　16433126　5194 
啊　164734　2078　1510626　299 
推　64630　2073　6578835　2170 
刻　28243　2070　3550438　1124 
均　24957　2069　3639527　1288 
喜　146563　2054　4285205　1703 
引　74461　2044　11067094　2575 
t　56845　2041　4216321　1385 
留　70864　2028　5752844　1189 
倒　51920　2026　3765689　811 
u　17443　2025　1201066　944 
C　61502　2024　6114538　1735 
B　36306　2022　4204271　1278 
x　71735　2012　2712125　1447 
存　64502　1995　8402230　1776 
官　38147　1991　4046214　1231 
呀　44977　1987　923710　117 
格　85698　1982　14029553　2656 
怕　59891　1981　1662547　779 
唷50421　1980　2936652　1502 
您　185118　1974　4750243　1605 
洹27496　1973　3445020　597 
　24519　1970　5247324　775 
送　48681　1961　11829717　1112 
令　69051　1952　4589067　1794 
V　46522　1949　6668168　2871 
u　27753　1944　8769366　2303 
！82677　1923　7060282　2973 
帧48479　1922　3704321　343 
久　75514　1919　6333093　1132 
注　52732　1919　10080798　1270 
q　37303　1919　1874597　1404 
低　46654　1911　6263966　1617 
支　92264　1907　9965036　1721 
　49903　1901　6052233　1236 
@　46026　1896　3979729　2067 
t　41484　1886　4479019　2258 
　69445　1883　6280837　1002 
族　39730　1880　4599758　1125 
初　45256　1874　12724495　1210 
v　38186　1873　2868686　1433 
境　44397　1870　8929586　1914 
F　27330　1867　1995665　715 
爸　15817　1867　673012　503 
荨33183　1865　5027766　1851 
h　49945　1858　9154388　1907 
乎　76041　1855　2001249　1518 
恕92618　1845　10449963　2252 
h　103289　1844　11700427　2294 
Y　21013　1843　1207937　367 
差　76057　1842　4932957　1117 
m　43229　1836　6338257　1481 
屋　12885　1831　12285233　952 
助　54145　1829　6532364　1714 
　15287　1819　4679712　796 
皮　28034　1815　2736015　1302 
K　26543　1810　1527738　532 
朋　85775　1803　2059543　1097 
哥　60956　1803　1635830　741 
微　32489　1803　3894293　876 
S　88187　1798　1034978　1456 
客　59085　1798　7562958　2230 
依　50589　1795　4313489　1428 
o　22470　1791　2733056　855 
油　52331　1786　3697538　1455 
拉　47785　1785　3254521　1739 
假　65722　1781　1930978　1143 
m　49681　1781　3334682　1761 
速　80360　1780　8538065　2007 
草　29857　1779　3431302　600 
A　260565　1775　8103459　2839 
局　48936　1775　9333027　2058 
右　39017　1774　4855242　850 
吸　20676　1773　2750925　1012 
　23688　1765　1827402　623 
　48494　1759　4753949　884 
考　148422　1756　15760523　1903 
K　50989　1756　10283876　1168 
素　30215　1755　8187488　1485 
破　70155　1748　4073741　1062 
_　30714　1739　362090　802 
佟41089　1735　2856054　1424 
场23215　1735　3026834　292 
r　63334　1731　4044955　1597 
唷72344　1728　6477601　1885 
　61146　1717　2602775　712 
　21140　1714　2205470　744 
技　54857　1709　16173702　2463 
M　73882　1707　11474285　2666 
置　28732　1706　10829381　1339 
城　257697　1697　7857100　1075 
句　41088　1697　2446158　518 
馈33480　1689　2251456　1120 
止　36248　1672　7153851　1088 
男　133706　1667　9643207　2333 
忙　34193　1661　2155166　457 
B　52194　1660　7530773　1692 
害　51860　1648　6249953　990 
排　61011　1647　3559905　1808 
e　168867　1644　2357628　1058 
穿　24088　1643　1272548　700 
密　33263　1641　4527278　1333 
致　33582　1638　3868728　1504 
　25928　1626　1666658　705 
弟　141812　1624　2566996　589 
急　34127　1617　5392442　773 
　73767　1616　3343431　1660 
兵　44572　1614　3806117　596 
V　77163　1610　2867895　938 
供　59310　1610　12149231　2682 
台　414094　1609　11634934　10103 
否　168690　1605　3477077　1608 
o　33948　1601　1678324　802 
睡　33220　1600　1366466　353 
左　40106　1598　5001048　895 
查　52569　1596　5442885　1866 
林　116983　1595　7313858　2663 
某　54845　1592　2596644　905 
骸43377　1592　2641053　1360 
佟64825　1585　8987418　911 
S　32799　1584　3488198　1866 
　24630　1584　3199728　1254 
察　20535　1582　3660940　967 
簟51164　1578　2646865　1339 
洲　21420　1569　2088660　1548 
午　33188　1561　4186936　780 
周　31546　1550　7354032　1132 
^　59291　1544　561636　1374 
停　52109　1541　2881031　917 
^　28491　1539　1900171　898 
帝　41120　1536　2067877　432 
　28831　1536　2520882　3688 
　61254　1531　3409813　1192 
~　49608　1527　3138224　906 
居　35883　1527　4921611　1217 
跑　55821　1526　1027605　677 
Z　89329　1524　14398326　1414 
派　24951　1516　3537040　1025 
念　70963　1511　7294025　1706 
o　28226　1510　5511352　1807 
~　26791　1509　7830391　550 
奇　73699　1505　3193363　1295 
u　65227　1504　1741841　1394 
N　21111　1503　2153407　1042 
班　74297　1502　2548688　1081 
省　48656　1502　7399364　1401 
唱　55158　1498　1786225　982 
味　42200　1484　11470893　1612 
德　60841　1483　3779242　2292 
室　93487　1477　10831014　1359 
充　29996　1464　3706632　1191 
A　19328　1463　1053535　659 
雨　35918　1453　3715661　531 
防　30067　1452　6231484　1438 
y　19166　1450　5219188　1450 
　43549　1449　5918822　1166 
　44701　1448　4483741　1039 
毛　27053　1447　3082717　737 
竟　58426　1446　1704304　847 
　6775　1443　949665　162 
汀80023　1427　1825808　797 
液　5079　1421　2494807　440 
配　42778　1420　9065186　1945 
射　27791　1420　3392632　751 
酒　30999　1419　4894922　1061 
睛　10115　1417　812105　285 
睢34746　1413　2160924　1477 
律　27377　1413　3517938　755 
　25541　1412　11449080　1443 
系　240826　1408　16693694　3216 
M　58387　1405　2347614　973 
血　36175　1405　5122336　1202 
　19113　1398　2858812　743 
歌　80050　1393　6440463　1187 
布　26349　1390　5922365　1379 
s　27733　1385　1043886　364 
瘛18061　1385　2507758　1383 
冷　32223　1383　3850979　846 
怪　71713　1381　2451768　532 
靠　28286　1381　1191316　600 
委　29585　1380　7335168　1411 
效　53687　1379　4020976　2160 
摹45324　1378　1182305　581 
汀52921　1373　6519763　956 
投　94384　1370　16930152　3982 
慢　42566　1369　2164495　679 
簟25149　1367　1157419　553 
木　39692　1366　11778438　752 
@　17926　1365　3139005　1700 
案　77425　1350　9534488　2451 
p　57210　1350　3139383　1385 
洋　25325　1344　3796185　1045 
印22305　1339　3804242　1271 
o　38012　1337　6909809　1252 
含　28115　1337　4807452　862 
　26708　1336　1685762　807 
_　109725　1333　5277824　624 
待　58350　1332　8289246　1217 
修　85237　1330　8436121　1244 
尤　29292　1329　905087　822 
昨　27059　1327　3964263　899 
突　30729　1326　4728419　982 
　108614　1324　3997470　1009 
村　15667　1316　9024106　702 
沙　23234　1313　1960945　622 
批　23428　1312　3059884　511 
p　18369　1312　3422886　1000 
　19754　1310　3181558　1161 
n　70719　1298　5707321　825 
啦　177091　1290　979825　162 
敢　40043　1287　1426718　362 
浴16523　1287　1612560　619 
A　44980　1277　3714322　1888 
亮　31253　1277　1538093　680 
P　27690　1271　2846925　1245 
`　44398　1270　2095508　498 
述　31545　1267　3173712　783 
既　28182　1267　2562145　513 
短　23341　1264　3811107　920 
汽　15769　1263　1499340　773 
拍　19462　1260　1725217　969 
I　38542　1259　4997056　2707 
　18957　1257　3630449　529 
趣　49894　1254　2638592　986 
席　15504　1254　3425814　686 
限　50622　1252　10644373　1880 
　18019　1251　3114135　1105 
固　13557　1250　2941264　621 
警　33394　1244　2994487　1117 
植　7582　1244　2842571　379 
S　34363　1240　3767279　1535 
抗　20511　1239　2586405　729 
忽　15002　1237　1115643　367 
概　59558　1236　3695086　660 
章　391052　1232　6463188　687 
呼　24343　1232　4919241　609 
X　85822　1229　4478973　2980 
互　19113　1228　3671383　750 
股　17617　1226　8085910　3946 
y　51811　1224　1419735　508 
座　56615　1217　6568849　1740 
距　14075　1213　1929152　584 
武　48104　1201　5776751　643 
　34177　1199　3002331　1808 
　23773　1197　2352558　1250 
　31835　1196　5201214　2364 
印　50702　1193　5747718　1467 
希　120764　1189　4732312　1754 
b　37091　1188　357799　547 
激　34430　1188　3444124　850 
　33773　1188　3487721　2224 
s　31573　1188　1825633　1251 
　14030　1188　861076　498 
　53031　1186　7539192　1460 
　52871　1186　4126480　875 
　49683　1179　4245739　1234 
端　20659　1172　3681426　632 
朝　23108　1171　6314244　622 
替　19015　1170　2968227　435 
U　26216　1169　2733506　1253 
选16807　1169　433080　392 
免　48015　1168　4408645　1505 
施　26632　1168　9095473　1050 
　91993　1164　2191739　1340 
缺　29257　1163　1361485　912 
f　31618　1162　1210132　751 
景　29462　1160　5189828　1895 
D　8333　1155　2735593　837 
旁　27695　1149　1070730　506 
源　48575　1140　6292271　1513 
姐　28608　1140　1383526　219 
　33507　1138　1819156　612 
祖　14208　1137　1407006　361 
^　35793　1136　1043964　731 
H　22327　1136　2183384　1230 
　24548　1135　1672392　1027 
y　42962　1132　5296174　964 
　35756　1130　3388891　1133 
江　33665　1130　6253595　675 
曲　65789　1128　8372056　1314 
牛　34225　1128　2284791　797 
乘　12677　1128　825103　364 
跳　35617　1126　1454369　565 
Q　81878　1125　6432999　1404 
富　20968　1124　4675210　1333 
@　20303　1122　2699387　674 
遇　39200　1114　1716191　580 
困　18744　1109　2580468　643 
按　38098　1106　3843189　625 
略　23410　1106　3981044　889 
骸34959　1105　1240949　564 
永　61245　1102　3516111　910 
良　34852　1097　12454198　1026 
型　73353　1096　10704224　3298 
嘴　14356　1093　826785　250 
@　58048　1090　7744810　1515 
选42878　1089　1316895　826 
l　23208　1087　1819488　1028 
z　25143　1086　2910590　1201 
克　47635　1085　4025655　2315 
升　26085　1084　2139612　1323 
封　35062　1082　1976222　428 
板　81815　1077　8049651　1075 
店　33183　1068　12248384　1568 
守　36214　1066　3916023　689 
　34355　1066　3111837　1717 
背　29813　1063　3564374　820 
救　52003　1061　2469175　638 
玩　134519　1058　1882895　847 
烈　19529　1053　1827104　747 
Y　31007　1052　1579502　781 
善　38229　1050　3515862　1001 
痛　38864　1049　3701391　798 
　60424　1047　4161773　707 
括　20687　1043　2451789　1301 
毒　32195　1042　2608726　538 
颉39504　1033　2606143　1390 
攻　33870　1033　4418768　646 
K　18405　1032　2055957　581 
普　32256　1029　5331958　946 
透　19668　1028　2164440　1177 
途　17088　1027　3650340　461 
肉　28277　1019　3155298　917 
肯　17482　1015　1112040　550 
　15409　1013　814163　285 
沈　13634　1013　1455388　402 
田　35956　1012　19179023　647 
　35686　1009　7330709　1315 
娘　15363　1007　2394435　190 
付　25729　1005　14955345　642 
h　26469　1001　3180389　615 
　40871　1000　2879475　610 
幸　31266　999　3912702　662 
春　40107　997　4766419　823 
暗　24382　995　2563153　504 
G　17990　994　292335　507 
尺　11878　993　841416　558 
模　34786　992　5026312　1295 
熟　22719　992　1645624　723 
ァ25371　990　1169173　331 
掉　75299　986　1135757　693 
央　103704　985　3439858　686 
婚　22509　984　2837041　887 
　82888　981　1761805　1323 
野　43878　973　12997738　895 
益　28706　972　4078049　1038 
　31237　970　2585240　996 
材　19462　969　7174608　1237 
票　67677　968　3972148　1707 
散　23231　968　3233951　666 
R　22234　967　1925676　737 
喝　22191　965　1090448　404 
序　21328　965　3094176　441 
菜　14828　957　2674368　968 
判　28059　951　5360733　693 
骨　15411　951　2244663　511 
巴　31055　949　2237647　1132 
恰47232　944　2366658　803 
场178502　942　3749462　4690 
u　15391　937　190203　380 
附　55735　935　2253552　797 
露　16329　935　2342648　711 
策　25152　934　5719411　1175 
l　26635　932　4093421　1008 
款　14902　932　3289421　1391 
W　17225　930　1499631　1282 
T　24233　927　596478　193 
盛　11909　926　2840989　726 
Z　18719　923　1050106　519 
乾　22743　916　1243350　697 
楚　43767　915　1272544　639 
f　14938　915　986721　318 
咱　8921　914　553967　37 
逐　10865　913　1361582　775 
染　11830　911　2895234　685 
疑　47964　907　2689764　803 
季　22542　905　2617122　1330 
移　20647　902　5604639　836 
x　14031　895　780411　284 
零　15588　893　1230916　526 
床　11827　892　2422003　404 
雪　20246　890　3252142　582 
健　18841　890　5765140　1189 
街　18525　890　3929888　645 
旅　15733　887　6372175　2091 
粉　6859　883　1613216　621 
介　53811　882　12337884　1478 
　44024　881　4569087　765 
忘　57999　879　3133403　483 
斯　54548　877　4294020　3402 
　24678　877　2351394　720 
z　16204　877　1151873　611 
住16103　877　270774　563 
纭19510　876　1758440　226 
　54540　873　3503789　576 
h　22480　872　3223346　1387 
福　52055　871　7998771　1261 
鼓　14563　869　1204035　443 
折　14728　867　2338020　502 
窗　23081　864　1722263　591 
夏　16486　863　4096666　532 
n　22907　856　2269765　650 
宣　25133　855　2867848　708 
翠　4129　855　402803　106 
降　18470　854　4961801　846 
游　23431　852　3877992　466 
　14445　852　2193803　643 
酸　8655　849　2199480　370 
岸　10557　845　2231578　638 
愈　20254　844　617389　1048 
颉16382　844　4713543　401 
　17392　843　1588104　526 
追　40176　842　6860949　979 
氧　2453　841　448846　317 
舞　41993　837　2891487　1291 
堂　31766　836　3180665　643 
　58075　835　16453202　1053 
弄　25855　831　803110　244 
　51193　830　2718278　981 
危　15900　827　2707056　597 
}　14979　826　2339100　493 
妹　38407　823　1844068　240 
f　23872　822　7452936　1179 
哭　16491　821　680630　167 
喊　9483　820　463409　164 
x　274523　819　3497447　717 
超　73305　818　5356369　1686 
洗　18637　818　2378269　553 
硬　54667　817　2132463　926 
浪　34731　816　1680614　662 
　20868　816　3653992　719 
懂　42342　814　645071　364 
]　20429　813　1932046　735 
宗　33457　812　2395904　574 
甲　40313　811　2409830　318 



［打包下载］　　　［引用该文］　　　［发表评论］　　　［转寄该文］　　　［关闭窗口］ 
此文章相关评论:  
该文章有2个相关评论如下：(点这儿论坛方式查看)

--------------------------------------------------------------------------------
 
ahman 发表于： 2002/12/25 00:42am
 
燃　6378　810　1554379　175 
r　9541　808　1929128　636 
F　43668　807　3357640　721 
u　41999　806　6351326　1038 
架　24796　801　1590274　886 
凡　20171　801　1160107　454 
R　18552　800　2769151　978 
棉　2096　799　419870　215 
^　52285　798　10146092　1509 
耳　13349　798　2027142　408 
R　12418　798　1163231　313 
迎　42805　795　3369916　577 
彩　27044　795　2379350　1101 
　23165　795　2909006　704 
抽　17572　795　1315597　510 
翻　32305　792　1505927　430 
努　24544　792　1761393　559 
遍　14043　788　908816　417 
干　12270　788　1114469　298 
抱　34049　786　2086745　476 
|　17008　786　800308　617 
　13606　786　178923　402 
[　54425　784　4677379　2449 
孔　8556　784　906212　244 
徒　21432　780　2884440　365 
L　9912　776　3679890　712 
毫　9404　776　806085　383 
沿　5129　775　1415323　287 
阿　88578　773　3619163　1108 
唯　22782　771　1363533　509 
搜　4655　771　1708204　191 
培　8712　768　2009620　414 
P　20111　767　3938045　889 
州　10405　765　5993507　585 
`　40022　764　1798663　852 
S　16033　764　1240785　914 
企　14761　764　11930566　2097 
　5297　764　494036　237 
康　38252　763　4044376　1181 
　9009　761　1104598　557 
京　13353　760　14703731　669 
波　27996　756　5186023　1366 
亡　15636　756　1693745　538 
泥　8245　756　933537　373 
倍　12651　755　2109576　515 
_　48179　751　3358745　1599 
　21528　751　2222160　526 
混　22888　749　2462719　377 
仔　30580　744　730293　383 
招　30651　741　2930220　438 
尚　28869　741　2175135　858 
廿　2475　740　248040　567 
副　14767　739　2816571　778 
姑　8945　739　986925　154 
健8545　739　963375　269 
　9092　731　656936　816 
匪　3908　730　140757　49 
　28042　729　1326693　703 
T　16178　728　1539323　462 
圈　11114　728　714381　485 
　10111　726　1040643　266 
氏　6761　726　5324190　386 
私　21082　725　21348296　444 
握　13849　725　1709251　516 
蛋　22656　724　956556　449 
刀　26549　720　1610206　309 
巨　20242　720　2084029　643 
承　27831　719　3624823　813 
　17159　718　5428079　1557 
退　28211　716　3457881　815 
~　12653　716　5192839　853 
威　32216　714　1969214　1086 
　106116　713　643798　1097 
B　29836　702　8389312　829 
w　26976　701　1462257　604 
侵　7634　700　1080160　294 
束　21572　699　1978105　557 
避　20858　699　2011992　803 
兄　89901　697　2476271　381 
B　8426　697　3815147　594 
休　19366　695　6041866　1066 
[　12606　695　597803　446 
遭　15597　693　988103　613 
控　32500　692　2803029　1054 
簟12704　692　951310　1133 
迷　74216　691　2689639　1014 
莫　27786　691　999098　578 
童　17987　690　2101832　789 
D　10055　690　1384577　763 
　21319　688　2531681　723 
桌　13128　688　859732　446 
]　29844　687　1962950　649 
爬　7216　687　1600604　204 
瓶　15600　686　814972　229 
U　9459　685　1224083　639 
宜　40410　684　1567004　706 
a　37810　683　3827822　890 
　13471　682　231676　409 
　16953　681　295339　569 
恐　31356　677　2611028　658 
獭55340　676　2859923　1044 
伸　8263　676　2059691　368 
末　20573　674　4456439　470 
　10526　673　1909525　639 
套　31711　672　1730488　884 
[　11924　672　532404　308 
　52670　671　1315255　663 
B　46304　670　2606301　403 
罪　26900　669　2135033　362 
枝　5783　668　969854　133 
湖　28325　667　2971111　444 
u　23592　667　9841047　918 
掌　19080　667　1575239　614 
　38087　664　8628732　1028 
吹　15424　664　1859013　253 
ぁ36745　661　2288775　893 
w　20590　661　1208443　505 
禁　17702　661　2787148　499 
弱　13963　658　2294473　436 
李　72434　657　3590663　1968 
犯　21825　656　2094431　427 
瘛37712　654　2071533　1204 
藏　22926　654　1724277　928 
秋　22281　654　3914343　445 
茶　16063　653　3548899　387 
伯　22436　651　1235204　667 
默　17823　651　865098　358 
z　10945　651　857949　1719 
繁　8243　650　1215535　369 
　125249　648　3031071　1859 
荷　5260　647　2063467　498 
　16347　646　1176198　660 
T　29277　642　2328398　323 
垂　4398　641　740931　161 
篇　49397　640　1673335　350 
尼　18042　640　1841529　1177 
餐　30791　636　1021928　1169 
磁　25440　636　1294795　306 
勇　21693　636　1362835　427 
秘　13705　636　2567038　475 
刺　14544　635　1945964　598 
偏　22239　633　1156636　493 
晨　7903　632　524547　240 
姓　21573　631　1925539　337 
胞　8509　630　1411105　365 
君　36180　626　4959315　282 
u　18754　626　224542　331 
|　8198　625　3138041　1343 
奶　11954　624　650142　353 
狗　39154　620　788747　299 
臁19689　618　1903135　313 
醒　19742　616　915330　364 
厚　9982　613　2135678　440 
V　1939　612　716953　120 
菌　2020　610　1174796　283 
　38126　609　3624736　1994 
污　9410　609　878656　257 
寒　15884　606　1953424　215 
伙　11837　604　748064　88 
斜　4875　604　829227　125 
堆　27788　603　559387　259 
映　13347　602　5773439　349 
N　13028　600　3306989　1873 
^　9519　598　957078　273 
登　32345　596　9768049　1203 
杯　15229　596　2226081　262 
x　10938　596　1783607　389 
P　14672　595　1557005　435 
袋　8689　595　1644388　287 
索　15309　593　6628416　730 
冰　16718　592　897035　408 
探　14221　592　4173428　791 
M　12569　592　184336　256 
溶　2532　591　1042671　75 
暴　29856　590　1711726　543 
忍　23037　590　1232818　302 
逃　12414　590　2195186　361 
冬　11656　588　2097536　346 
抓　37600　587　1031265　273 
z　19703　587　2358275　564 
I　11173　587　992963　335 
睢9984　586　721228　316 
哈　125750　585　1552609　567 
p　11726　584　2693644　561 
I　17323　583　144134　179 
牙　12472　583　1022035　430 
s　27310　582　1329463　877 
~　34187　581　2789178　441 
幕　32840　581　1844928　725 
播　26108　581　1631888　833 
聚　18174　580　982322　389 
借　21435　579　2129852　340 
促　6018　579　1823789　608 
偶　20103　578　1019762　428 
稍　13420　578　497118　372 
航　10189　578　3350913　976 
　17148　577　2194587　666 
博　39094　576　3858554　885 
搬　12118　571　547462　213 
森　16213　568　4032683　632 
L　32814　567　5812231　758 
Z　7067　567　1111556　277 
菁　3741　567　163676　68 
隔　15125　566　1140574　459 
W　11043　566　794275　247 
享　24727　565　1383749　796 
抵　7258　565　1320655　326 
碰　17737　564　464009　341 
潮　11709　564　1596260　702 
d　26261　560　9643722　573 
朵　8005　560　304595　173 
　10361　559　933685　533 
拧8321　559　1396719　648 
O　9152　558　4234232　566 
　28912　557　2456961　561 
灰　9328　557　879064　249 
v　8767　555　715686　400 
腿　7973　555　598740　230 
玻　4566　554　547598　156 
悲　32912　553　1911750　428 
淡　21570　553　1269285　488 
域　12877　553　6983170　732 
雄　68173　551　3506649　1341 
阻　10268　550　1110474　348 
抬　5618　550　396192　146 
核　34508　549　2899512　546 
乃　15520　549　1322742　399 
覆　13711　549　904653　375 
拧8089　549　628900　244 
逼　7474　546　361058　148 
~　3512　546　719055　175 
佛　47189　544　2682243　682 
蒸　2124　544　603543　115 
鞋　7928　542　483113　281 
胡　15405　541　1346723　329 
震　11745　541　2237173　441 
斤　3032　541　544186　261 
巧　24208　540　1108896　610 
洞　12858　540　1222737　322 
劣　4643　540　527796　95 
　7110　539　865006　335 
督　23871　538　2663353　315 
怼21343　538　1339130　861 
瘛9581　537　327085　130 
丈　5182　537　1976145　150 
　11018　536　653467　564 
貌　6659　536　590082　394 
　22348　535　5525413　1512 
愉　7387　535　370179　181 
售　26751　534　2520891　1225 
尊　22568　533　1501715　432 
麻　28311　532　2186418　400 
彼　18061　530　8088581　400 
　14299　530　1726772　408 
s　17930　526　2290849　633 
Q　3881　526　2487788　467 
瘛3323　526　431663　213 
w　21646　525　515218　289 
插　20356　525　768393　303 
智　44507　524　2695563　740 
肥　8612　524　1158868　265 
敬　22557　523　1464266　279 
惜　28798　522　819571　363 
　192863　520　3991710　1066 
搞　30263　519　647795　167 
粒　4622　519　878298　151 
　9665　517　175487　406 
璃　4600　514　507226　152 
乏　7468　513　711932　431 
z　5012　512　700342　290 
p　26279　511　4151780　648 
　12093　511　1301540　554 
Z　1567　509　720942　77 
壁　7434　508　1948682　279 
E　7011　507　1475231　308 
l　14544　505　2738092　529 
叔　5047　505　540027　126 
\　6845　504　875379　221 
尾　15029　503　2545466　369 
磨　7481　503　936277　235 
皇　12496　502　1812123　351 
猛　7890　499　901706　169 
　32816　498　1094685　479 
鬼　25145　498　1685606　248 
患　4650　496　2030370　551 
奏　27644　494　2510990　522 
　23436　494　673947　1025 
哲　15596　493　1323925　241 
w　4000　491　795455　695 
耐　13694　489　1504590　325 
S　3571　489　755023　210 
偷　21994　488　625257　270 
粗　5947　488　682347　235 
迅　5239　487　839645　224 
浮　15229　486　1966171　359 
哩　15463　485　267570　71 
t　9120　485　516698　257 
A　6876　485　2491306　309 
爆　19616　482　3745984　378 
羊　11499　481　1018349　252 
佳　39101　480　1863273　1287 
摸　11879　480　521623　204 
簟71231　479　4058111　794 
幼　7818　479　1620019　307 
泡　17478　478　637799　332 
{　10573　478　675650　245 
取6237　478　3877996　353 
碎　8403　477　2675529　185 
}　2415　476　451735　295 
挑　18981　474　1461116　665 
U　17356　474　739643　346 
婆　17697　473　845125　294 
蒙　8034　473　925863　376 
泣　4626　473　1750340　41 
岩　2776　473　2787058　176 
跌　10708　472　703293　576 
　46473　470　827105　309 
秒　8827　470　5011058　272 
m　32884　468　2353440　1278 
箱　16885　468　3287379　414 
F　8093　468　486162　211 
L　6695　468　444335　610 
汗　4509　468　1384611　141 
俄　3950　468　749728　307 
煤　934　468　504158　42 
描　10918　467　2976220　506 
仰　9993　467　842278　224 
　6526　467　1598018　694 
版　146807　466　14409636　1397 
　13412　466　682378　304 
@　6808　466　459137　190 
　448759　464　4879135　3298 
尖　9349　464　568511　272 
}　125　464　7953594　1 
碗　5279　463　364366　111 
盆　2519　462　543086　134 
操　18369　461　3228181　642 
v　11069　460　695673　200 
洹763　460　115385　37 
欲　28313　458　4012700　418 
番　9352　458　13164077　353 
腰　5106　457　1147396　145 
嫂　774　457　129865　24 
牌　30757　455　1839537　1073 
肩　5233　455　1196475　153 
冒　14607　454　1233828　305 
幅　6499　454　2452308　803 
累　18845　453　922574　412 
舒　9918　453　695997　395 
A　8849　452　1437421　324 
奔　7254　452　661662　161 
骸14391　451　1165560　318 
豆　13896　451　1612578　269 
选8274　450　485201　253 
玉　18649　449　4092209　460 
擦　5532　449　491139　214 
典　30356　447　2975974　885 
薄　6434　447　1687857　253 
　24081　446　4105358　373 
滑　11131　446　1527493　480 
　14018　445　8853825　567 
皆　26852　444　4153257　525 
A　5754　443　494008　206 
糖　4381　442　1241445　368 
z　18408　441　384389　94 
梁　6724　441　841082　133 
授　30016　440　4531509　464 
徵　38219　439　529083　717 
捕　7836　437　1164077　296 
剩　14066　436　406191　267 
　5737　436　414450　244 
旋　10992　435　906126　313 
觥8615　435　638610　172 
盾　7771　435　599327　129 
械　15832　434　2120605　196 
延　13893　434　2237693　632 
a　45990　433　2752151　669 
谩18051　431　356704　436 
迫　11981　431　1364974　354 
恢　6562　431　511339　218 
予　15645　430　10470472　490 
召　7837　430　1113783　292 
珠　7587　430　1303318　292 
措　5145　430　1282964　242 
琴　29126　429　874147　391 
宋　11270　427　1349981　303 
陷　8555　427　494367　303 
妻　8546　427　1741444　387 
俗　11307　426　1008801　421 
　7669　426　339939　151 
宇　18185　424　2679547　336 
殖　3570　424　827496　202 
浴23203　423　1434855　255 
瞧　6472　423　597806　81 
衡　9246　422　780726　332 
\　28547　421　1657404　491 
塞　12591　421　1008820　558 
亍6856　421　1345158　187 
　4902　421　350026　132 
妙　13233　418　1780721　347 
壤　972　418　175811　53 
d　20640　417　1147119　583 
　7883　417　1329345　391 
]　10087　416　2124152　311 
R　28923　413　172539　111 
渡　8792　413　3052267　198 
旗　9992　412　902573　358 
贰3602　412　79416　190 
m　19968　411　4175986　651 
符　17927　410　1608539　500 
析　16630　410　3686071　692 
戴　12139　410　783128　388 
{　24644　409　905987　438 
{　15556　409　3805245　829 
暖　7422　409　1258614　222 
　5772　409　368855　133 
　6888　408　5173860　973 
漠　5025　408　430693　126 
伴　18685　407　1676527　495 
截　8368　407　503756　255 
坡　7863　407　687265　451 
彷　4222　407　170653　210 
棒　65240　405　839940　1063 
q　8446　403　530914　237 
仿　4259　403　541245　135 
挺　5478　402　445130　125 
躺　3535　401　292683　87 
D　2159　401　288117　131 
役　11706　400　5067671　218 
悄　4898　400　410106　109 
鼻　6595　399　1089566　205 
}　45455　398　2841369　661 
乙　11559　398　946729　140 
　11550　398　3566423　876 
W　169776　397　18824851　3703 
藉　13010　396　379084　625 
障　12357　396　3309364　441 
剪　7487　396　349849　191 
摹5317　396　1859504　210 
割　7806　395　3961361　199 
狂　40001　394　1336884　338 
虎　26973　394　1132731　397 
署　6918　394　1354576　371 
姿　6072　393　2490300　361 
欣　26430　392　733684　479 
珍　15526　392　1355914　469 
　90587　391　159508　208 
u　110　391　33496　0 
S　7954　390　1526262　255 
`　3301　390　352556　90 
矛　6355　389　465243　103 
援　29206　388　3667643　587 
邦　10997　388　1225362　314 
　22563　387　1324805　478 
g　8749　387　700778　441 
　25307　386　437691　620 
裂　5753　386　1005679　240 
寄　25925　385　3394847　259 
N　24507　385　1801806　413 
拖　12492　385　505771　198 
伍　11666　384　549158　222 
殊　10621　384　1474691　415 
袖　3706　383　593962　175 
　646　382　571271　151 
申　22385　381　7616082　520 
池　10502　381　2650145　323 
柱　3156　381　925621　167 
拜　35481　380　780710　464 
炸　7863　380　721916　242 
K　2307　380　464877　282 
朗　5388　378　882581　315 
　6620　377　765667　172 
竹　96078　375　2102490　540 
　19729　375　335056　451 
辛　18232　375　1530772　370 
z　4966　375　273834　134 
o　8835　374　547402　242 
墨　6206　374　649670　366 
　15400　373　1165431　661 
怒　7861　373　2208212　149 
瓜　11982　372　481515　239 
胸　8631　372　1531783　210 
　5244　372　722666　534 
填　10810　371　934699　133 
哦　25127　369　337009　100 
牲　7177　369　373480　111 
卡　90309　368　2908818　1866 
唐　8102　368　1228087　293 
　60057　367　5738062　1535 
　29345　367　1829303　753 
Q　11522　367　516182　511 
踏　10740　367　1423973　279 
n　13130　365　11　304 
怨　12485　365　568454　254 
狻7474　365　1509482　389 
滴　7275　365　492290　137 
丁890　365　106794　55 
　13818　364　1817784　431 
扇　5687　364　496738　78 
征　5442　364　1509908　99 
埋　4540　364　942465　136 
　9855　363　4073415　658 
　5987　363　379135　322 
塑　4635　363　707868　435 
浴21478　362　763204　224 
勉　7079　362　1729757　155 
O　2789　362　1101304　151 
碳　2500　361　218423　98 
　11970　360　427907　185 
兼　9879　360　1350582　402 
　9746　360　598073　338 
慰　5354　360　516509　260 
　10923　358　3480542　537 
捉　5015　358　499082　150 
I　3346　357　382211　74 
K　1650　357　223426　56 
　4193　356　104226　151 
祝　21276　355　1784132　206 
估　8551　355　953708　581 
　6194　355　303272　84 
呈　4717　355　729424　603 
泛　4487　355　561437　192 
　3291　355　847278　246 
疾　4628　353　1187525　398 
　11526　352　446727　147 
　7982　352　527428　244 
嘛　55429　351　418760　160 
摩　14122　351　1820458　601 
陪　10822　351　464660　236 
寂　14283　350　992285　154 
洹3120　349　554295　135 
T　39690　348　1224802　203 
邀　8702　348　465388　395 
x　20777　347　1566450　648 
孤　20746　346　812434　186 
谷　8590　346　4694568　318 
勤　7587　346　2124694　268 
D　6394　346　306143　176 
帽　11470　345　646880　135 
蜂　5697　345　303116　158 
旦　8350　343　1006692　378 
T　5760　343　1289499　168 
秦　5328　343　619644　88 
呆　24715　342　811039　103 
串　8282　342　561996　246 
嗯　50941　341　328360　29 
{　7898　341　447584　345 
А10895　340　141957　166 
咬　6226　340　561976　112 
c　21321　339　1839956　543 
O　11817　339　1334010　257 
拔　8059　338　471264　177 
削　2273　338　1972484　83 
ぁ22312　337　2142541　253 
伏　4648　336　922784　151 
眉　13561　335　678886　147 
q　13219　335　356612　102 
惟　3771　335　295474　134 
准　9958　334　350949　182 
}　4812　334　630889　326 
抑　4322　334　858508　186 
灌　40173　333　460899　117 
H　10245　333　434005　450 
恰　7158　333　371192　156 
n　16589　330　535803　76 
拒　10418　329　837578　291 
棵　2709　329　123936　52 
肚　6730　328　299912　167 
菲　7217　326　522583　285 
稻　1506　326　338998　76 
　18284　325　412634　132 
　8101　325　1992022　550 
o　1847　325　146657　120 
哎　5596　323　121424　9 
仗　3632　323　207847　70 
　2546　323　44306　67 
牧　5908　321　1420997　127 
腐　4691　321　822909　168 
悉　8090　320　612971　270 
ぁ5885　320　157654　117 
　1928　320　579143　67 
　32720　319　1254634　364 
i　24947　319　206154　298 
秀　20948　319　2504545　591 
恨　17543　319　624946　124 
f　13450　319　259478　576 
搭　13371　319　1269781　645 
w　9713　319　3023218　485 
t　5190　319　634722　210 
　4489　319　970583　381 
井　12829　318　6086717　96 
C　8854　318　292293　143 
撞　11534　317　449028　284 
宿　34166　316　3663369　242 
L　12305　316　151830　285 
　8866　316　249121　257 
晶　8517　316　1358470　455 
匆　4444　316　284509　59 
　3674　316　383784　100 
昏　7761　315　425265　133 
U　1826　314　356279　77 
`　13155　313　7651651　267 
甘　8693　313　1605418　219 
膀　3633　313　218454　130 
　35425　312　3611236　123 
忠　20273　312　1279083　418 
\　11210　312　384029　165 
戒　7180　312　755503　181 
猜　22272　311　397501　92 
稀11378　310　792383　406 
摺9663　310　1291288　258 
甜　8051　310　387059　276 
w　5222　310　583959　252 
　3359　310　1397332　303 
耕　2168　310　538475　105 
z　6251　309　679102　87 
　8374　308　666811　168 
凝　5527　308　780285　163 
糊　10050　307　449308　169 
姊　10618　306　328025　157 
吐　7761　306　1029088　138 
躲　7443　306　297249　95 
v　4576　306　532070　212 
卷　13551　305　1106370　200 
P　9363　305　1094195　156 
稀　4518　304　396116　164 
敲　4235　304　333921　168 
振　15639　303　4340575　474 
　5585　303　997511　183 
筋　6550　302　1446422　126 
疲　4643　302　1807713　181 
L　9637　301　399701　284 
瓦　5660　301　738171　294 
漂　20978　299　690205　161 
慌　2301　299　593614　77 
裁　10310　298　1762497　341 
　16057　296　563991　389 
漫　29193　293　1625351　607 
　12307　293　351244　398 
欠　4705　293　1528663　115 
C　2896　292　327511　111 
赤　9841　291　3765203　143 
柴　4482　291　643899　116 
荒　8322　290　1301287　181 
焦　7098　290　1237990　445 
G　20121　288　79489　160 
盼　7518　288　299416　112 
U　4638　288　196147　224 
臣　4750　287　1130942　131 
臂　4251　287　376055　129 
　11620　286　372126　157 
　10982　286　424322　317 
涉　6957　286　587511　325 
胎　7627　285　496933　280 
@　7283　285　749231　148 
租　15048　284　974323　411 
R　3765　284　1361666　408 
膜　2902　284　967242　322 
　1936　284　241068　146 
吉　30644　283　3935014　609 
仙　16789　283　1675173　172 
刊　17481　282　3921809　754 
慧　24112　281　938967　488 
冠　22729　281　1098454　522 
I　19351　280　3188288　875 
遵　4780　280　429928　79 
p　2766　280　467348　101 
省4862　279　481436　251 
w　2872　278　543340　229 
柔　21005　276　1299015　321 
　18029　276　1404166　234 
峰　15287　276　1306950　323 
v　5707　276　1562497　257 
澳　3519　276　1327479　409 
哀　13603　275　650342　131 
炮　6650　275　460069　58 
茫　6378　275　365984　61 
弓　2630　275　542248　32 
幻　23331　274　1533085　371 
蜜　8152　274　438293　273 
薪　7623　274　329680　284 
箭　6963　274　429149　158 
膨　1481　274　444252　109 
稿　6943　273　8783115　270 
椅　5289　273　674159　254 
睢40360　272　1708132　621 
籍　16527　272　1786216　485 
仁　30825　271　1523047　465 
松　28277　271　5134475　371 
K　7557　271　497888　247 
症　7450　271　2257037　912 
病3495　271　516128　165 
e　6274　270　739565　481 
醉　11754　269　426519　160 
撤　3569　269　611118　108 
酢12176　266　728470　259 
敏　18600　265　1299164　496 
坦　8188　265　693090　360 
泳　7167　265　738213　139 
X　6149　265　321573　134 
揭　2533　265　370041　163 
辨　7746　264　376578　177 
伊　14371　262　3205648　496 
恩　13311　262　1124705　411 
雷　24053　261　1578010　622 
@　20137　261　370522　438 
宙　9923　261　1487253　183 
拾　5764　261　699499　127 
铡497　260　201039　33 
M　8616　259　418061　63 
融　6562　259　2816086　933 
　1196　259　418970　136 
　5467　258　61656　94 
巍3301　258　392535　107 
肌　1908　258　982138　534 
刑　4795　257　1313461　205 
ァ2515　257　273689　141 
傅　3730　256　301302　117 
奉　6590　255　820746　178 
肺　1223　255　500429　116 
颉1148　255　59544　96 
耀　10995　254　400703　248 
n　7912　254　1779205　334 
摇2957　254　988469　179 
川　12738　253　12507011　282 
瘦　2457　253　266599　110 
盟　13792　252　1787114　555 
尽4432　251　440419　124 
y　3656　251　633468　198 
m　16193　250　597979　174 
巍8137　250　1501637　142 
　16578　249　342550　123 
[　15820　249　928381　428 
鼠　14641　249　744299　305 
宅　3439　249　3701708　237 
矩　3275　249　248674　68 
燕　4935　248　702015　140 
E　4000　248　332934　122 
觥3583　248　932800　168 
倘　2324　248　184745　61 
歇　2061　248　219576　83 
U　7952　247　684609　176 
　6587　247　1502368　93 
稹197　247　41835　8 
h　11252　246　408164　128 
溜　4869　246　564400　97 
譬　3597　246　134393　130 
\　3152　246　338628　122 
皿　182　246　358368　19 
　8541　244　723119　526 
F　6860　244　655175　109 
　6519　244　276610　142 
疏　5660　244　395694　187 
胃　3424　244　662461　286 
豪　19043　242　1242569　445 
t　12167　242　260034　360 
脂　1475　242　986757　298 
　15970　241　1044470　536 
佟41039　240　744238　489 
　6673　240　622626　173 
奴　2456　240　1333137　61 
　2195　240　250516　83 
卵　1907　240　881415　158 
_　14681　239　452610　371 
返　4554　239　7030889　277 
卓　3719　239　898150　137 
l　2630　239　75248　62 
臁14348　238　5072475　685 
泰　11706　238　1516819　660 
紫　10953　238　1369648　172 
h　10369　238　497644　246 
耗　6573　238　560704　226 
c　3932　238　797542　228 
C　3598　238　301746　192 
|　529　238　38547　55 
B　2708　237　184706　116 
g　1263　237　204018　60 
俊11519　236　421237　188 
塔　10107　236　1225563　556 
　11039　235　890375　344 
K　15736　234　368645　186 
廷　6457　234　478135　105 
　5848　234　779363　377 
刷　5762　234　1676030　312 
敦　6339　233　552480　352 
　6086　233　128876　195 
蛇　4671　233　562834　75 
添　4500　233　1475088　299 
崇　11545　232　559982　233 
梯　6264　232　469027　159 
循　4915　232　747100　256 
瓷　760　232　2300392　82 
F　8572　231　357043　119 
傲　8263　231　304452　151 
捧　3679　231　299710　64 
漏　8914　230　706670　150 
癌　2059　230　709587　493 
芬　10527　229　405751　202 
魂　9961　229　886529　193 
_　8783　229　1514123　189 
匹　3185　229　1038870　308 
舌　3769　228　594594　98 
洪　15396　227　985062　253 
眠　11408　227　2054198　145 
f　5007　227　685598　199 
]　15910　226　5166674　334 
蕖6815　226　174034　109 
选3774　226　101467　93 
瑁　31　226　36518　3 
玳　24　226　17475　3 
_　17996　225　536599　129 
Α30674　224　1591631　125 
丹　7705　224　1317915　404 
托　8962　223　1388620　319 
~　6069　223　351068　266 
J　5831　223　53749　146 
屈　3806　223　779616　146 
衫　3594　223　226692　85 
Q　6662　222　1393410　133 
　4362　222　449307　298 
畜　1010　222　581913　49 
丁　13648　221　2622560　315 
妖　4491　221　622792　35 
　3526　221　166798　133 
　13709　220　877519　377 
W　10147　220　211385　601 
u　6039　220　707057　197 
牢　4712　220　353447　145 
徐　12774　219　1218706　281 
q　5107　219　581657　591 
掩　4122　219　315846　156 
　1535　219　31181　95 
溪　11477　218　516221　243 
妨　10928　218　422627　307 
嫌　7446　218　2286683　310 
{　4090　218　484916　158 
恕175　218　562131　2 
挖　6500　217　245281　165 
辍2985　216　213068　68 
　1292　216　228056　61 
巾　1208　216　309095　109 
爽　32512　215　407795　139 
拼　13120　215　361006　135 
披　5255　215　555035　86 
筒　3614　215　586550　71 
堋13638　214　776621　296 
扯　7783　214　189186　66 
抖　3140　214　236286　51 
f　2132　214　127908　76 
]　27683　213　830996　209 
傻　13350　213　292484　60 
\　6282　213　805012　122 
I　9137　211　640419　377 
X　6124　211　385958　50 
r　4107　211　590715　148 
塘　778　211　228602　29 
I　11155　210　128648　344 
弧　970　210　193659　47 
愁　13655　209　380648　88 
寸　4930　209　1014567　171 
株　1864　208　6438902　43 
i　11741　207　964847　293 
[　6393　207　2156104　662 
腔　3523　207　577863　150 
郊　1811　207　426078　83 
浸　1677　207　577806　97 
Α4641　206　1048478　224 
吵　13174　205　189428　115 
x　4524　205　312868　80 
馈7196　204　361943　131 
滋　5526　204　775407　300 
痕　5113　204　335826　127 
~　4050　204　504316　513 
　3388　204　1367461　178 
扶　3238　204　549701　104 
悠　7625　203　554390　161 
　2223　203　183492　24 
斗　5641　202　436550　87 
M　4633　202　197960　146 
嫁　3977　202　542914　101 
恰34275　201　492391　703 
g　20748　201　846912　295 
沉　14364　201　1109746　233 
扮　4747　201　359953　313 
漆　3103　201　344320　89 
募　2824　201　3130340　110 
　5791　200　433765　197 
趁　4733　200　191122　132 
　2958　200　370740　95 
R　3963　199　415606　209 
喉　1841　199　437738　90 
　681　199　120202　40 
逢　23680　198　620613　181 
熊　18879　198　1438437　179 
吞　3112　198　242274　89 
砂　9716　197　1400122　151 
摘　7990　197　1397646　101 
C　6113　197　1419009　285 
肢　3500　197　464472　136 
矮　3071　197　196663　80 
哼　2911　197　231955　17 
酬　1991　197　391368　244 
艘　1820　197　323310　141 
舅　1256　197　157649　15 
舍　72675　196　216369　139 
奈　12708　196　2730761　234 
炎　6632　196　1507996　458 
F　1251　196　93642　18 
隆　13987　195　1764576　527 
慈　9660　195　683677　146 
S　6872　195　507864　137 
}　3902　195　2186188　87 
戚　3579　195　303511　54 
脾　2362　195　196978　94 
倡　1683　195　155073　54 
瘛1445　195　108848　81 
　21949　194　615171　177 
w　9841　194　814443　203 
黎　6431　194　499900　385 
允　5483　194　611072　171 
S　1276　194　126382　39 
a　7813　193　128278　154 
廉　6691　193　346020　195 
　6035　193　285828　138 
橡　774　193　192026　60 
幽　9475　192　637441　186 
翅　4894　192　160471　57 
叛　3913　192　329658　89 
m　3496　192　335029　123 
址　18844　191　2656849　304 
t　17005　191　987378　158 
Z　5732　191　465597　120 
Z　5069　191　143989　119 
挽　2405　191　231760　75 
j　31927　190　6196411　293 
欺　8149　190　531245　92 
洛　7470　190　842911　607 
扣　7263　190　538758　256 
遮　2678　190　346079　80 
伐　2395　190　358039　58 
嚷　936　190　117123　7 
硫　797　190　303207　20 
　3522　189　306050　192 
脊　1080　189　232810　64 
呵　99062　188　520397　64 
翼　6752　188　746779　147 
\　4188　188　514403　33 
衰　3602　188　506362　188 
蓄　2276　188　692877　126 
o　18716　187　1082881　360 
拆　9013　187　341110　170 
搿2169　187　284003　195 
沸　1101　187　326624　43 
　31881　186　1321194　641 
翁　7228　186　325280　143 
u　4261　186　1021571　160 
挨　2248　186　695115　31 
葡　2121　186　371458　179 
萄　2033　186　309324　177 
Y　7126　185　284643　457 
　3359　184　422045　88 
　2716　184　138846　31 
恪2041　184　162087　119 
狠　5549　183　426983　61 
盒　4860　183　384840　161 
雀　3727　183　549595　85 
遂　2207　183　639657　91 
　16292　182　2354350　630 
倦　4691　182　159844　66 
{　2325　182　325710　162 
　1978　182　315996　164 
匠　1657　182　529983　51 
脆　8466　181　304158　149 
糟　7974　181　213787　86 
　5054　181　625998　218 
栽　1837　181　604273　81 
摔　4859　180　172081　46 
B　928　180　98631　86 
P　10231　179　167238　74 
邸6786　179　723595　338 
撒　4790　179　371187　160 
|　2032　179　519945　30 
咐　455　179　137743　17 
啤4903　178　112621　85 
坑　4295　178　236995　130 
雕　3637　178　372372　348 
桶　3607　178　281054　70 
蓬　2217　178　218256　79 
勿　9734　177　554697　82 
　4515　177　376646　109 
小16450　176　176310　74 
I　27734　175　1932345　544 
　10316　175　797158　233 
I　9387　175　158323　256 
煮　4273　175　748428　219 
M　2476　175　225127　81 
猿　728　175　381094　20 
暑　15910　174　950295　140 
晴　6171　174　2218158　77 
疼　5767　174　319624　150 
J　1299　174　192348　62 
郎　17737　173　4320108　260 
x　16173　173　401094　165 
后　10315　173　1678811　100 
　7422　173　2031948　251 
苗　4802　173　799651　247 
T　2074　173　174265　46 
　29759　172　1659294　636 
慎　4705　172　721011　193 
N　13610　171　1135870　282 
魏　3872　171　384291　164 
赴　2487　171　490020　227 
`　1318　171　141294　61 
堪　5637　170　480085　177 
　4746　170　227790　76 
斑　2757　170　368157　204 
燥　1579　170　476609　117 
蔬　541　170　364784　132 
b　10160　169　181696　176 
抹　8447　169　348087　129 
儒　6535　169　244796　49 
@　3042　169　120015　268 
慕　10657　168　415591　196 
枯　2803　168　370257　81 
堋16986　167　381481　455 
昂　3527　167　348972　163 
采　7305　166　2557671　288 
兔　6103　166　235838　60 
斥　4420　166　211581　126 
娃　8563　165　340368　135 
E　5110　165　215018　84 
拘　4064　165　391698　67 
V　2884　165　296143　147 
N　2232　165　85995　282 
弧2006　165　29725　62 
嫩　848　165　166806　103 
魔　42586　164　3929527　348 
桃　11651　164　1058998　352 
浴6417　164　136927　140 
础5850　164　47533　82 
瞎　2660　164　123028　20 
帧5840　163　260947　182 
俺　1681　163　4027171　7 
　1582　163　221981　46 
I　841　163　94644　36 
弦　8245　162　503715　125 
仇　5949　162　446931　82 
妥　5103　162　494609　163 
省2626　162　206900　168 
X　1827　162　301008　77 
　15451　161　795237　310 
秤　5135　161　178644　62 
晃　4900　161　501521　51 
陶　4648　161　840932　508 
秩　4115　161　443807　72 
D　2263　161　179072　193 
攀　1908　161　214006　133 
芽　1586　161　650353　100 
嘻　25152　160　216732　22 
臭　8107　160　808224　112 
罩　3932　160　221102　138 
刮　3429　160　221581　156 
\　2992　160　2412982　410 
　11143　159　1311971　388 
酢7462　159　311205　142 
肝　3945　159　943001　328 
艇　2818　159　824368　145 
宴　2071　159　612539　176 
悟　7589　158　790851　99 
　3791　158　500313　66 
亭　3112　158　690833　35 
　2664　158　126599　49 
泉　7937　157　3191127　274 
浴　4238　157　1245540　227 
n　1278　157　105421　111 
溉　1240　157　54883　18 
扭　5035　156　309391　222 
y　4474　156　93431　158 
扎　3344　156　386259　82 
A　17237　155　387222　383 
爵　5723　155　374389　121 
氛　5013　155　671848　288 
姻　3544　155　304520　227 
雅　19823　154　1812633　755 
狼　15194　154　572231　116 
毅　5763　154　390987　102 
渴　4610　154　216737　182 
恪4546　154　949428　288 
罐　4182　154　735806　112 
 
 顶部 
ahman 发表于： 2002/12/25 00:44am
 
猴　3670　154　237689　76 
埃　3662　154　406531　129 
{　2245　154　251149　46 
J　1563　154　1856267　294 
酷　11827　153　662849　157 
昌　10225　153　1030300　203 
董　3443　153　940175　453 
　2424　153　1637901　402 
葬　2162　153　496503　93 
　2091　153　164322　136 
喘　1549　153　330377　63 
炭　787　153　773630　41 
咽　706　153　287033　34 
凇9651　152　1777106　208 
津　4838　152　3074604　190 
旨　4067　152　1138599　104 
　1098　152　107240　19 
Q　8895　151　1513032　322 
　8226　151　875000　365 
　3589　151　399460　42 
遣　2957　151　866064　68 
　271　151　299457　6 
碟　63470　150　716754　778 
哇　42443　150　258572　50 
　5596　150　385032　192 
V　5576　150　625072　75 
　3404　150　180763　86 
裹　1594　150　143090　74 
　18426　149　125772　127 
拳　10349　149　876585　61 
B　5538　149　1544206　46 
摧　2419　149　122591　47 
悔　14321　148　901757　84 
胖　12923　148　256641　116 
p　4784　148　308154　128 
占　4124　148　2714115　267 
淋　3413　148　345207　168 
帷2602　148　568093　104 
　1698　148　137799　37 
r　1303　148　653311　112 
羽　8817　147　1639394　78 
碧　7930　147　497523　135 
捷　7286　147　612077　300 
V　1901　147　48698　92 
M　13172　146　1226689　457 
F　9115　146　592973　105 
柳　6440　146　1105571　41 
　5736　146　110805　187 
辱　5389　146　326932　66 
蛙　5333　146　176548　87 
爹　2093　146　322901　18 
逗　1843　146　216324　65 
廊　1755　146　656312　247 
蕉　1600　146　128105　31 
傍　1404　146　367716　41 
乳　3636　145　1720891　306 
黏　2958　145　85723　135 
押　1668　145　3274819　115 
I　1314　145　229177　126 
玲　8108　144　542332　149 
　5699　144　548281　239 
盲　3315　144　374242　104 
跪　1139　144　377557　26 
唉　53049　143　211607　29 
h　7966　143　346205　82 
夕　7207　143　2120059　151 
　5528　143　936678　266 
腹　4278　143　1655526　305 
Q　1909　143　82273　13 
裳　700　143　160283　15 
　3466　142　126857　74 
i　2342　142　300976　180 
勒　10656　141　808245　466 
汪　9235　141　263646　54 
柏　8866　141　826588　329 
侯　6513　141　422708　119 
趟　2521　141　115433　97 
蹲　1522　141　178346　38 
掀　1067　141　132604　108 
媳　776　141　93458　64 
卑　3487　140　278239　81 
噢　1559　140　88627　42 
吩　418　140　127098　7 
曼　6616　139　616011　456 
喂　5512　139　217688　13 
孕　3953　139　311054　301 
宵　3817　139　153837　69 
旱　491　139　129662　46 
榜　11119　138　503397　252 
逆　5627　138　1837486　187 
旺　4958　138　352290　165 
挫　3156　138　341475　163 
氯　410　138　185888　28 
膝　1438　137　381959　46 
皂　874　137　80453　47 
碌　1509　136　131606　85 
^　1401　136　49654　61 
吏　548　136　116500　15 
寞　10569　135　175413　98 
誓　6960　135　393252　72 
堡　4802　135　360601　265 
勃　3134　135　337834　205 
　647　135　190820　125 
稼　186　135　534193　2 
霸　14399　134　377693　210 
惑　11491　134　1503120　201 
劫　5241　134　352325　155 
　4850　134　211823　136 
n　2935　134　79545　23 
窄　1765　134　163647　90 
隋　275　134　91583　11 
圾　8302　133　231084　263 
俱　6857　133　732289　265 
跨　3666　133　554797　308 
划　3646　133　51680　48 
霞　2399　133　520375　32 
枚　1993　133　3329078　73 
胚　422　133　109353　26 
场4502　132　394519　312 
O　3848　132　226113　134 
Y　3248　132　330535　157 
恪2590　132　353041　68 
　933　132　92396　33 
笨　20700　131　177555　75 
　10963　131　242538　83 
孟　10216　131　389881　118 
茹　1259　131　299483　14 
R　1172　131　97032　35 
扔　931　131　134512　23 
　11557　130　144707　197 
僧　3158　130　707786　34 
　1803　130　3556255　80 
b　942　130　532546　16 
o　935　130　121418　45 
[　827　130　120491　13 
选4049　129　123234　26 
蹈　2957　129　166992　248 
聊　34724　128　928432　261 
尽33371　128　122940　426 
伞5311　128　613635　272 
勾　4383　128　333760　135 
陌　3815　128　202243　118 
丘　3116　128　1123048　63 
I　2166　128　432367　131 
隙　1142　128　377677　58 
脖　969　128　113295　34 
昆　4423　127　675377　135 
拱　1070　127　117270　39 
W　1050　127　244466　19 
宦　187　127　43848　4 
梅　25172　126　1714863　315 
掏　1682　126　125338　38 
御　1585　126　4994092　48 
疆　1107　126　531400　53 
祥　9403　125　879108　220 
催　4383　125　3147176　87 
寺　3515　125　2878017　155 
　2157　125　332204　219 
肪　425　125　425660　117 
　13330　124　908340　378 
邱　9107　124　228650　162 
u　8157　124　839415　46 
羞　5666　124　260216　88 
惹　5571　124　396473　62 
愚　5458　124　472168　50 
　4361　124　194232　98 
　4213　124　349707　136 
　4156　124　339325　192 
拧3531　124　94860　116 
|　1161　124　116343　52 
泌　875　124　329488　136 
佩　11828　123　378156　137 
棚　7212　123　503568　80 
巡　5165　123　1085972　266 
歪　4592　123　429699　30 
T　3761　123　1335444　204 
棍　3258　123　156773　25 
　2841　123　182344　49 
~　2700　123　115236　16 
畏　2427　123　209653　72 
`　2350　123　345410　48 
t　644　123　63979　23 
巍6444　122　64947　178 
　6369　122　407708　451 
匙　4031　122　258657　149 
亍2933　122　184770　78 
寓　1803　122　196736　92 
捏　1464　122　127741　62 
_　9858　121　1055957　227 
吻　4244　121　323257　154 
N　4162　121　175306　79 
r　4012　121　184054　59 
焊　851　121　158658　9 
渠　465　121　237450　18 
w　211　121　333048　20 
砍　17552　120　181610　35 
{　5014　120　58738　67 
槽　3216　120　541646　78 
J　3014　120　230297　71 
慨　2921　120　218288　73 
券　2271　120　3536846　598 
娶　2236　120　159734　44 
　539　120　178498　8 
氮　387　120　87797　30 
瑞　20193　119　1069843　951 
朱　20145　119　1134741　361 
`　2340　119　402393　71 
K　1887　119　119967　21 
　1829　119　1217778　46 
P　774　119　9782　21 
郡　737　119　2125950　46 
腺　496　119　434901　77 
伞7931　118　1590641　406 
芒　4888　118　204016　64 
g　3269　118　163905　50 
咳　3080　118　251195　110 
汁　2941　118　648858　163 
帕　2361　118　237344　138 
乞　1137　118　207225　26 
荃　258　118　34316　14 
恭　10148　117　559774　49 
蝶　5868　117　402669　112 
耍　5783　117　111460　59 
丙　5272　117　270651　53 
拓　3487　117　981629　224 
丁771　117　55569　84 
沃　266　117　344814　41 
炕　99　117　53377　2 
桑　7139　116　672598　119 
詹　3075　116　108516　109 
j　2319　116　29147　82 
　1706　116　120126　35 
瞪　1258　116　191672　33 
糕　5894　115　143424　158 
殷　3393　115　222511　62 
冤　2711　115　152898　50 
B　993　115　191115　68 
　992　115　148935　32 
c　157　115　87631　14 
歉　24532　114　210257　64 
v　4984　114　23666　101 
鞭　2774　114　262508　41 
碑　1957　114　368944　107 
E　1440　114　14417　112 
L　562　114　142660　42 
巷　11381　113　376269　124 
　7044　113　312483　124 
抄　7036　113　310441　64 
盈　4818　113　586034　280 
巢　1968　113　244249　111 
凳　1473　113　83688　26 
|　1219　113　120665　55 
簧　1081　113　66532　29 
怠693　113　47526　23 
焰　676　113　168533　21 
辟　432　113　224413　5 
唔　2582　112　240567　6 
汀2072　112　346115　44 
T　943　112　197670　58 
扁　27687　111　287901　184 
娜　3741　111　387767　203 
吼　1694　111　162585　30 
晰　1302　111　209131　95 
　963　111　450103　37 
趾　628　111　67114　21 
纭59　111　17460　1 
棋　11925　110　816782　110 
杜　8669　110　701431　230 
　7227　110　135855　188 
殿　3733　110　1296707　144 
D　2911　110　18880　38 
啤2092　110　155248　52 
摇1976　110　150548　77 
柄　1797　110　1141875　20 
Q　1778　110　24886　42 
拚　950　110　93031　121 
R　7057　109　637621　494 
笛　5238　109　366467　54 
　4357　109　4256896　243 
伞2589　109　303778　67 
帷2327　109　250696　31 
侍　1858　109　405196　50 
搏　1171　109　150010　40 
媒　13216　108　1829530　1056 
踢　7037　108　245644　47 
陵　5046　108　679586　91 
祭　3897　108　2283416　149 
t　3729　108　352731　62 
掘　1492　108　669344　106 
R　12551　107　2474220　162 
逸　9922　107　506415　103 
愧　4855　107　171098　53 
堵　2194　107　186095　41 
竭　1694　107　191139　73 
嗓　684　107　76791　29 
x　7653　106　295876　118 
凌　6383　106　676202　153 
熄　2282　106　70555　24 
俯　1123　106　166339　56 
咧　17663　105　67742　15 
d　7390　105　307688　200 
　4599　105　106748　333 
妄　3352　105　364291　41 
唇　2640　105　534387　218 
哨　1492　105　145201　23 
姨　1213　105　170100　40 
逝　7491　104　263003　130 
啡　6641　104　359951　486 
迪　6384　104　494658　365 
泊　4706　104　1859664　54 
　3666　104　126656　55 
撕　3658　104　115856　56 
并　2789　104　6602054　2 
蔽　1312　104　198479　37 
　10638　103　67031　254 
霜　2991　103　293276　93 
橘　1983　103　202380　48 
　935　103　1104498　148 
芳　15327　102　989681　363 
袁　3152　102　296619　16 
渺　2271　102　160534　18 
侮　1980　102　135943　19 
裸　1806　102　490331　131 
掠　1648　102　187864　41 
醋　1461　102　127781　42 
铡739　102　74121　102 
埔　3889　101　181506　121 
尿　3328　101　933736　316 
蚊　3177　101　153728　39 
x　2698　101　50029　69 
葵　1323　101　253985　50 
熔　638　101　153249　37 
p　453　101　42186　14 
惠　15241　100　1154114　550 
　3126　100　189973　127 
淘　3120　100　184626　104 
枕　2303　100　311240　65 
　1702　100　417994　103 
堤　1344　100　406280　59 
麓　367　100　158108　5 
　58　100　10096　13 
姆　7459　99　466445　326 
U　5337　99　389555　54 
寡　4170　99　359252　78 
煌　4107　99　263742　152 
宰　3479　99　350224　72 
磅　958　99　97271　56 
禹　880　99　197644　4 
}　409　99　117439　81 
　224　99　54021　17 
倚　14270　98　216275　96 
V　12240　98　804676　230 
玄　7281　98　903845　96 
叉　4792　98　299867　83 
蝴　2943　98　100251　78 
u　2486　98　419416　72 
　2347　98　204239　54 
尉　2101　98　222646　31 
宏　19842　97　1364649　498 
裕　9921　97　1510168　224 
框　4235　97　472317　119 
蜢　746　97　7000　4 
G　719　97　251007　67 
乒　239　97　111722　3 
屁　11781　96　245634　69 
莎　5532　96　252169　194 
r　5016　96　203070　117 
虫　4789　96　1062411　5 
曝　2026　96　136668　149 
S　884　96　218437　25 
琛42327　95　232317　21 
烤　5237　95　171230　167 
澡　3203　95　152518　68 
a　2586　95　350995　118 
崩　2048　95　834024　88 
簿　1553　95　797677　54 
嘉　21507　94　1098712　550 
妮　5930　94　257693　184 
d　4124　94　512711　134 
喻　4122　94　166086　120 
咸　552　94　160525　24 
G　499　94　247996　23 
Y　410　94　137892　51 
蝗　232　94　27718　2 
乓　227　94　203704　4 
　16177　93　286969　36 
袍　3895　93　146404　26 
裙　2344　93　180120　49 
疫　1834　93　691379　377 
　1411　93　113222　12 
　459　93　68586　37 
U　32242　92　242393　79 
捐　6649　92　371134　180 
范　2880　92　104191　79 
W　2708　92　5177654　38 
霉　2316　92　158936　21 
[　1527　92　680961　198 
　1097　92　77386　13 
啼　1092　92　90045　22 
b　891　92　138174　34 
e　663　92　807683　19 
箔　437　92　75549　16 
w　31746　91　934190　142 
P　11739　91　505048　343 
邪　10263　91　1657591　88 
n　9505　91　368219　139 
咖　7056　91　308224　437 
帆　2933　91　304255　50 
|　2775　91　169896　92 
沾　2605　91　144959　106 
庚　1485　91　132529　38 
仟　1341　91　79090　27 
盯　1210　91　177047　49 
凇447　91　112371　34 
踩　4362　90　100631　63 
颉3685　90　133678　26 
粹　3668　90　161020　101 
歧　3005　90　151513　87 
塌　977　90　116489　44 
丫　601　90　203710　10 
垃　8328　89　231826　264 
涯　6964　89　542559　189 
赫　3628　89　327712　153 
淹　2777　89　105781　37 
坊　2511　89　809652　130 
　1307　89　114203　15 
腕　1195　89　1245063　77 
y　1153　89　189320　36 
　969　89　781946　41 
骰　454　89　27213　8 
秧　167　89　128184　1 
屏　5712　88　722859　227 
矣　5225　88　914485　53 
屑　2966　88　155834　55 
咕　2050　88　118586　31 
Z　1935　88　435296　116 
　1356　88　134807　57 
甸　521　88　255431　28 
l　449　88　82286　18 
耶　73163　87　812996　237 
逛　8014　87　206075　115 
舟　5897　87　507656　57 
v　5106　87　134581　28 
曹　4289　87　585236　76 
澄　3839　87　455483　85 
u　2872　87　127744　176 
爪　1861　87　340815　32 
　1629　87　292634　81 
冶　492　87　248944　25 
俘　443　87　70384　28 
浩　9069　86　1089047　122 
嘲　1990　86　143318　79 
梨　1940　86　729888　108 
梳　868　86　178807　59 
豁　642　86　73402　14 
藩　531　86　252153　65 
氨　166　86　140715　23 
d　8887　85　422423　151 
艾　7814　85　511013　440 
憾　7396　85　216178　109 
Y　3268　85　394216　84 
H　2440　85　82997　12 
舜　2037　85　82418　9 
卅　1428　85　285214　193 
s　463　85　29392　6 
肌3566　84　74466　204 
旬　1559　84　1185495　141 
梢　524　84　219651　24 
嘿　25319　83　291931　33 
于　10333　83　13379786　46 
庸　9813　83　348987　64 
　2040　83　168990　68 
　1468　83　17401　73 
哄　1225　83　106281　34 
渣　1121　83　104971　27 
眨　622　83　86221　13 
{　21193　82　482793　308 
煎　2671　82　201323　52 
病1032　82　89937　22 
碘　642　82　36945　11 
觥544　82　134484　8 
衙　271　82　121510　9 
捆　219　82　70132　7 
　22697　81　552132　224 
乖　20396　81　291582　93 
孝　6022　81　930034　172 
　5631　81　107133　81 
S　2997　81　749989　102 
稚　2835　81　687030　72 
敞　1122　81　90286　99 
雇　894　81　981366　99 
怯　839　81　254678　24 
椎　819　81　414176　62 
　13579　80　218905　107 
咦　6444　80　56776　12 
芝　3421　80　1437040　185 
敷　1547　80　1111321　82 
奢　1210　80　118878　38 
拌　597　80　123519　78 
榴　568　80　98864　35 
郭　24538　79　957454　286 
吾　8990　79　914723　42 
夥　5288　79　150433　163 
j　5190　79　83013　239 
僚　1776　79　359015　47 
拐　1463　79　292009　23 
崖　1036　79　329319　28 
琳　4700　78　480071　195 
墓　3392　78　690029　161 
　2307　78　36115　112 
擅　1919　78　211222　114 
D　1889　78　42305　25 
Z　1815　78　106033　66 
朦　1589　78　89836　13 
嗜　1520　78　181502　55 
罕　1513　78　146387　80 
躁　913　78　147164　61 
嗡　876　78　64191　2 
@　674　78　60170　14 
　663　78　169886　11 
A　268　78　568153　23 
膊　152　78　83206　3 
煞　8474　77　143643　115 
}　6768　77　168475　142 
吟　5802　77　498647　57 
　5596　77　368859　147 
　5040　77　418041　138 
猩　3099　77　70330　30 
螺　2675　77　277875　140 
a　2668　77　83741　94 
薯　2027　77　213165　34 
喃　1418　77　168451　16 
逮　1407　77　298429　65 
谩809　77　85714　29 
筷　776　77　52676　21 
I　309　77　130435　23 
桂　3750　76　684401　85 
　2949　76　5719974　109 
竿　2741　76　234191　66 
剖　1418　76　223801　90 
焚　1243　76　176396　84 
耽　885　76　114734　23 
q　856　76　200267　78 
瓣　806　76　1204195　25 
摺　682　76　88945　30 
h　8880　75　574050　191 
怖　6167　75　1303444　135 
Y　492　75　237335　36 
瑰　7583　74　199886　165 
\　2658　74　228698　40 
q　2067　74　201504　26 
C　2022　74　425143　93 
　1476　74　123185　89 
奠　526　74　118291　75 
寨　327　74　188996　17 
函　10317　73　933434　190 
忌　8216　73　527904　163 
兆　3268　73　529657　147 
鄙　1885　73　92911　18 
凸　1661　73　314382　120 
　1575　73　158863　44 
屯　1101　73　234981　45 
丁760　73　81017　47 
V　632　73　139608　14 
@　613　73　86309　28 
　513　73　97061　37 
咀　378　73　113335　26 
云　6741　72　673316　57 
契　5735　72　1666640　196 
茂　4915　72　884448　178 
　4451　72　1570993　370 
卸　3897　72　409346　126 
奸　3401　72　246391　15 
亍3220　72　447117　39 
襟　1531　72　133656　24 
姚　1354　72　183614　51 
朽　1019　72　308273　35 
埠　799　72　148899　71 
雌　481　72　180454　64 
晌　220　72　119406　5 
胳　152　72　73750　3 
怼6058　71　47914　56 
鹿　5200　71　2245103　195 
`　4102　71　98185　67 
}　2023　71　263555　160 
　1616　71　73927　45 
m　1401　71　189544　60 
　1115　71　177972　38 
莽　975　71　132437　18 
蒂　2649　70　341163　255 
S　2550　70　134258　63 
寇　2036　70　260492　35 
蛛　1654　70　155843　29 
斧　1531　70　143784　19 
溢　1422　70　384139　109 
v　1147　70　77656　21 
禽　1039　70　208414　42 
吱　558　70　48206　12 
T　20230　69　516928　133 
　13870　69　548726　372 
叭　8189　69　126183　112 
缸　5193　69　136478　124 
辣　3190　69　270817　114 
熬　2994　69　104526　60 
n　2630　69　49006　90 
僵　1546　69　121747　99 
I　1313　69　152449　35 
茅　1043　69　259368　51 
粥　1005　69　127583　35 
藻　746　69　192714　35 
陡　699　69　91957　23 
磷　399　69　218189　34 
臁6538　68　104472　68 
枉　3660　68　85393　35 
f　2372　68　527382　204 
履　2160　68　1190679　80 
Z　1095　68　616534　71 
澈　988　68　55897　32 
酵　690　68　447311　47 
懊　607　68　47550　19 
筐　260　68　89646　7 
晤　243　68　68045　37 
小17300　67　110204　47 
馈3410　67　101600　19 
　2969　67　561673　74 
辰　2923　67　441181　48 
囊　2318　67　260376　176 
兜　1756　67　146702　26 
迄　1733　67　316850　75 
s　1601　67　69503　34 
沫　1325　67　149141　51 
蔓　956　67　138025　50 
毯　856　67　140836　43 
幢　468　67　111411　36 
骼　244　67　36936　32 
啪　9800　66　61563　17 
陋　3807　66　102940　49 
U　3788　66　65292　118 
媚　3691　66　256722　71 
f　3579　66　213982　86 
潭　3564　66　217320　73 
汰　2062　66　322625　101 
C　1755　66　115734　78 
暇　1397　66　990084　44 
丐　1256　66　147679　13 
I　1172　66　434186　160 
揉　664　66　152288　42 
洽　10902　65　301814　177 
U　9481　65　110673　50 
玫　8543　65　260256　163 
曰　7315　65　1300551　28 
叮　3687　65　122326　52 
　2681　65　223958　97 
惶　1753　65　118977　31 
C　1340　65　47599　28 
膏　1301　65　316305　134 
　867　65　84671　27 
葫　449　65　56976　13 
P　218326　64　820803　207 
俊　32096　64　1150624　304 
翔　10156　64　559534　75 
菩　9485　64　677559　27 
莉　7901　64　482322　325 
屠　6824　64　250772　54 
m　1641　64　136707　25 
滔　1608　64　122279　22 
肖　1527　64　321121　90 
疤　1355　64　46336　22 
凹　1195　64　159081　52 
邵　1064　64　112371　20 
嚼　961　64　82762　62 
砌　747　64　62915　27 
纭1426　63　99570　38 
扳　1394　63　80895　34 
N　1371　63　21369　118 
　1077　63　171351　73 
稀515　63　75592　17 
拴　154　63　25230　4 
\　37　63　56911　3 
蟹　10281　62　297860　52 
　4874　62　40928　58 
卜　3843　62　229364　55 
梭　3453　62　115604　103 
聘　3233　62　836253　112 
昧　3204　62　426078　64 
　3025　62　188210　61 
　1040　62　53834　94 
嗅　362　62　147256　41 
灶　262　62　17374　27 
琛117　62　3726　8 
　19869　61　337632　106 
丸　9938　61　2260836　126 
芭　4139　61　138631　81 
　3138　61　210673　96 
祈　3076　61　786604　71 
C　2988　61　157122　112 
U　2621　61　48832　81 
喧　2204　61　275471　55 
[　1631　61　25743　80 
]　1549　61　100216　10 
　1538　61　1531302　93 
僻　920　61　77436　26 
蚣　380　61　13835　2 
蜈　364　61　15767　2 
叨　340　61　47927　20 
佣　286　61　13889　15 
余　5368　60　2154619　100 
虹　4300　60　530795　83 
札　4090　60　1610013　105 
恕　2873　60　115247　17 
甫　2115　60　187127　133 
夷　1728　60　269487　78 
袱　1270　60　55554　44 
a　904　60　110093　43 
嗽　534　60　210596　56 
褐　432　60　260152　53 
髦　295　60　51707　48 
弛　211　60　270166　41 
擎　9240　59　619904　483 
喇　7972　59　198651　130 
N　5558　59　103262　39 
蠢　4049　59　121834　18 
熙　3247　59　200792　24 
穴　3218　59　1193153　78 
昔　2715　59　1857224　109 
　1530　59　573935　55 
M　1484　59　68698　9 
蜘　1355　59　132578　21 
膳　981　59　196085　29 
扛　906　59　41717　21 
橙　793　59　88776　33 
啊697　59　13548　36 
g　645　59　90373　65 
愕　498　59　233900　22 
泄　488　59　291249　18 
侈　439　59　34701　16 
吆　242　59　30183　3 
v　103　59　22472　4 
　6118　58　144480　130 
寮　3566　58　348900　126 
炒　3364　58　450432　223 
豫　2820　58　218730　46 
醇　2173　58　199738　136 
劈　1826　58　115940　17 
酌　1677　58　122403　42 
隧　1483　58　110762　30 
　874　58　77374　29 
　654　58　16911　29 
　577　58　558317　24 
墩　220　58　66540　12 
z　212　58　70958　3 
巫　7709　57　252818　62 
a　7690　57　1145783　218 
阮　4447　57　99276　77 
　2355　57　268749　60 
U　1975　57　67024　68 
y　1253　57　21875　51 
廓　949　57　67943　58 
P　565　57　24340　59 
浙　331　57　536849　19 
臁210　57　131385　15 
淑　8887　56　339656　194 
R　3864　56　37437　64 
瞬　3517　56　1477552　125 
W　3105　56　99631　75 
甩　2623　56　90945　27 
g　1527　56　209276　23 
躬　921　56　101412　22 
礁　858　56　138553　49 
膛　764　56　96938　13 
A　456　56　562568　23 
棕　396　56　88777　44 
簇　375　56　63285　24 
稠　334　56　46660　31 
篡　270　56　25934　3 
葛　10409　55　610743　256 
佑　4232　55　219705　29 
辜　3610　55　178662　170 
　2042　55　111562　92 
囚　1091　55　156569　33 
　1063　55　269998　42 
蚓　366　55　25657　0 
蚯　359　55　15200　0 
|　337　55　155267　8 
n　107742　54　2017746　1119 
V　14569　54　57344　44 
肆　3104　54　290119　63 
伺　2257　54　628275　196 
髓　1963　54　146354　58 
徘　1095　54　119520　21 
徊　1060　54　99991　22 
烘　945　54　114110　56 
巍637　54　149303　14 
印25473　53　124307　66 
　3467　53　56000　96 
鼎　3293　53　294466　121 
畔　2389　53　208295　57 
噪　2361　53　172684　104 
拯　1626　53　73448　30 
菱　1224　53　578294　78 
逞　1137　53　75604　17 
榕　1136　53　92638　40 
愣　746　53　85066　17 
　740　53　91219　60 
厥　573　53　92193　13 
嗣　274　53　312585　11 
　72　53　41771　5 
嗨　6622　52　139185　4 
鳌6279　52　269189　44 
卒　5266　52　1859878　32 
衷　3798　52　184880　102 
尬　1871　52　101398　61 
馈1546　52　120492　61 
C　1042　52　202314　82 
d　854　52　100836　86 
俞　809　52　163427　53 
萌　526　52　368180　23 
　522　52　86681　31 
灼　491　52　117813　22 
踱　232　52　88911　5 
　13276　51　436118　216 
弊　4543　51　596122　102 
珊　4095　51　248603　130 
　3290　51　97036　34 
d　2552　51　49620　37 
虐　2221　51　352674　73 
垮　2215　51　59800　31 
沛　1788　51　105256　52 
取1747　51　19816　23 
　1684　51　207672　119 
！1299　51　56144　13 
恤　840　51　65459　46 
稀708　51　6867　21 
硝　601　51　184470　12 
俾　575　51　51934　25 
|　563　51　72106　19 
眶　505　51　52919　29 
漾　422　51　36924　11 
拇　421　51　83948　7 
]　25370　50　1384112　193 
R　7000　50　208422　162 
婉　3039　50　161586　74 
E　2307　50　224308　94 
魄　2040　50　127259　53 
唾　1685　50　128384　26 
虞　1140　50　113529　65 
巍　1062　50　101963　4 
　1026　50　161066　84 
　929　50　114440　26 
蔑　914　50　133570　5 
岔　881　50　57198　12 
扒　653　50　49129　15 
沼　613　50　846520　31 
忱　599　50　53344　18 
　397　50　37824　5 
墟　366　50　77073　20 
壕　94　50　76927　4 
　73　50　34342　4 
丑　1246　49　62553　17 
拧1212　49　125733　26 
嘶　1072　49　67416　34 
蹄　791　49　155539　54 
炊　779　49　246734　11 
蟀　515　49　19057　15 
蟋　469　49　19939　15 
剿　401　49　42218　3 
靴　386　49　517960　17 
嗦　300　49　51775　4 
^　91　49　62605　26 
藤　10689　48　5659526　118 
　8629　48　276434　104 
J　5650　48　293715　137 
崎　2712　48　4113799　78 
撰　2041　48　291179　105 
豹　1923　48　163008　44 
峻　1291　48　154499　40 
u　873　48　205759　51 
蹦　715　48　58597　18 
P　620　48　47488　13 
　527　48　133927　10 
R　321　48　63977　10 
N　312　48　110709　8 
l　274　48　112237　11 
　41　48　108644　2 
徽　1136　47　361493　28 
趴　1077　47　55891　19 
苟　1055　47　71937　23 
烹　681　47　120826　159 
卉　421　47　463844　52 
　197　47　119305　21 
褂　47　47　52193　5 
w　4127　46　160102　86 
倩　1761　46　121670　27 
t　1708　46　52286　17 
撼　1502　46　92455　98 
a　1188　46　149341　44 
　1106　46　56691　10 
E　859　46　10566　19 
V　707　46　186694　36 
淤　481　46　40793　8 
匈　468　46　100126　71 
　200　46　149287　8 
蠕　121　46　71209　14 
w　72　46　16910　2 
e　3890　45　185120　55 
　2797　45　203780　105 
犬　2637　45　1522246　59 
肇　2531　45　154599　50 
拂　2075　45　105982　20 
瞄　1686　45　184755　48 
窟　1344　45　275259　53 
妞　1055　45　46710　9 
酥　919　45　71475　41 
糙　779　45　48772　58 
懈　775　45　119334　31 
墅　740　45　84893　52 
N　706　45　58733　4 
稽　656　45　352210　66 
舵　653　45　101992　10 
磕　384　45　69620　2 
撮　370　45　2884712　17 
V　277　45　77280　9 
琅　260　45　93304　12 
荔　140　45　57381　8 
[　119　45　480239　8 
雯　4996　44　136525　20 
咒　3729　44　157402　40 
o　3697　44　395192　89 
砸　3351　44　115904　17 
淫　3296　44　347152　43 
抒　1861　44　120744　84 
z　1106　44　100439　5 
絮　1088　44　91862　18 
瞳　891　44　517367　26 
榨　631　44　30252　12 
_　448　44　34529　8 
汞　380　44　37606　4 
篷　324　44　91474　61 
舶　199　44　291826　27 
甥　112　44　51099　4 
狐　9282　43　508330　20 
翰　3686　43　239469　118 
姜　1767　43　293464　61 
拧1733　43　88307　36 
拭　1464　43　334619　35 
盔　680　43　58018　51 
　667　43　466188　113 
洹464　43　69494　60 
窒　427　43　199610　27 
潺　278　43　23527　11 
蹬　193　43　50770　5 
蔡　20290　42　449523　366 
H　4159　42　120341　136 
ā2399　42　133055　66 
础2147　42　116341　31 
棺　2040　42　159990　45 
[　1806　42　131579　19 
啤　1619　42　175856　151 
H　1595　42　135194　111 
惰　1570　42　81888　18 
p　1479　42　211198　41 
奕　1404　42　79724　28 
　1373　42　47408　21 
搓　806　42　58959　19 
慷　678　42　49255　18 
霎　488　42　45879　11 
揪　471　42　50951　5 
搿416　42　72509　19 
黝　268　42　28882　19 
犁　187　42　91111　20 
翌　187　42　711281　30 
Q　139　42　57354　7 
彰　9406　41　660864　211 
澎　4366　41　100528　53 
暮　4284　41　1160049　23 
帖　3096　41　280217　53 
菊　2465　41　752658　46 
j　2448　41　12130　33 
呻　2076　41　76422　13 
仕　1816　41　7537109　51 
杖　1762　41　277031　20 
啃　807　41　32489　19 
唆　769　41　118813　6 
樟　555　41　60447　14 
杭　553　41　483069　37 
A　501　41　25069　9 
Q　418　41　252670　25 
　314　41　58197　32 
梗　272　41　178416　26 
　25427　40　389804　247 
　7539　40　66760　43 
吊　6402　40　402990　117 
　3718　40　194245　65 
冥　3381　40　200940　60 
穗　2922　40　230128　19 
歹　2758　40　89941　84 
u　2409　40　12604　15 
　2209　40　133379　49 
狄　1582　40　234866　124 
瞻　998　40　99231　46 
　992　40　49446　27 
鞠　742　40　94462　16 
　660　40　144285　13 
跋　426　40　117820　10 
骸　401　40　187453　37 
屹　229　40　37494　21 
嵌　219　40　129923　28 
　200　40　65833　7 
\　141　40　97379　16 
d　6958　39　211853　25 
柯　4646　39　306877　322 
岳　4201　39　1049051　56 
i　4124　39　1254284　70 
焉　2648　39　211946　29 
l　1931　39　118674　17 
宛　1605　39　635562　146 
　1487　39　96845　65 
　735　39　196294　90 
兢　525　39　71025　36 
瑚　471　39　100767　55 
d　422　39　4230　28 
瞥　401　39　107874　19 
蔗　345　39　73033　15 
吁　311　39　140209　3 
碾　224　39　27156　4 
刨　120　39　45660　12 
^　9379　38　0　64 
怡　8122　38　226823　151 
仲　6118　38　2588078　214 
卿　3658　38　476071　73 
撇　2069　38　57317　22 
妒　1712　38　86209　37 
悼　1654　38　178908　14 
腥　1548　38　77782　36 
抉　1423　38　71172　41 
溺　1107　38　108815　39 
　835　38　20794　32 
M　704　38　167772　45 
哺　618　38　94564　36 
庶　549　38　177391　10 
炯　497　38　55211　15 
婿　407　38　78933　31 
　294　38　219174　9 
茸　217　38　270926　8 
　179　38　55026　27 
匾　127　38　31214　15 
檐　63　38　54595　1 
甄　2747　37　1746506　45 
魁　2648　37　138465　69 
狸　1802　37　102138　15 
逾　1514　37　270301　75 
刃　1331　37　378478　25 
怠　1194　37　258721　21 
_　915　37　51414　62 
曳　889　37　173207　39 
　852　37　32464　13 
楞　698　37　74583　12 
悴　579　37　36570　8 
肋　544　37　82574　17 
e　517　37　128203　10 
憔　511　37　37326　7 
甭　474　37　21899　8 
跛　412　37　29283　13 
攘　410　37　46000　21 
o　386　37　44894　9 
粱　342　37　54422　10 
孜　309　37　60820　17 
纭309　37　17621　18 
祀　215　37　558329　17 
h　179　37　141802　1 
W　164　37　73969　4 
咪　6696　36　134666　69 
黯　1830　36　78743　38 
咚　1786　36　49725　9 
蔚　1459　36　91806　35 
穆　1169　36　230198　101 
a　981　36　147678　59 
D　953　36　337658　43 
А727　36　145212　7 
烙　678　36　67669　34 
肘　641　36　134190　21 
n　603　36　73236　31 
孵　486　36　71320　11 
蛾　411　36　55933　7 
涌　241　36　288292　0 
　218　36　7191　13 
T　1990　35　247010　25 
瀑　1514　35　115092　65 
　1137　35　9473　30 
擒　991　35　109382　14 
杏　931　35　283121　30 
　918　35　54670　22 
橄　815　35　73731　38 
臁807　35　88672　37 
呸　750　35　32913　0 
啾　675　35　17229　4 
　518　35　168445　6 
烽　450　35　48923　14 
殉　368　35　82259　10 
倔　227　35　36681　3 
D　207　35　270848　9 
　193　35　18575　2 
篆　181　35　50515　13 
腮　169　35　752458　38 
帧81　35　44360　8 
S　10140　34　211557　52 
敝　7545　34　53587　25 
獭6151　34　493467　307 
汝　5218　34　280406　14 
　4595　34　403640　112 
潘　4300　34　264192　143 
睹　3740　34　136480　115 
N　2321　34　61603　65 
溯　1706　34　73470　64 
涕　1281　34　51470　7 
　1119　34　67805　61 
　998　34　49844　23 
Z　925　34　257888　37 
窘　575　34　63702　49 
h　550　34　47877　17 
l　467　34　92636　52 
兀　463　34　228903　5 
瑙　178　34　670927　26 
　82　34　59550　5 
x　3853　33　60983　27 
　3211　33　97791　56 
蕃　2037　33　145716　31 
氓　2004　33　65372　10 
凶　1803　33　468784　42 
苛　1663　33　138878　50 
伶　1445　33　82898　22 
惘　1423　33　38503　11 
勘　933　33　684568　47 
斟　893　33　55506　19 
颉680　33　195038　16 
禾　546　33　68091　20 
癖　446　33　257438　31 
撩　411　33　102842　27 
r　379　33　96252　32 
沽　271　33　90576　1 
踞　211　33　29465　7 
窿　211　33　42545　3 
揩　126　33　19436　2 
　76　33　18868　3 
簸　75　33　23825　14 
褶　61　33　94357　4 
　12845　32　134430　35 
痴　7565　32　678648　43 
L　2487　32　27364　19 
　2364　32　139342　46 
蕾　2256　32　214085　103 
I　1743　32　25158　6 
　753　32　213176　29 
]　498　32　117397　86 
住491　32　80789　5 
冉　485　32　84076　6 
怔　482　32　144509　5 
惦　465　32　18088　6 
咯　401　32　62750　10 
T　224　32　26274　3 
磺　214　32　44954　3 
箕　186　32　300519　2 
簌　71　32　21235　6 
胰　39　32　99373　14 
　26579　31　644206　199 
佐　3087　31　3190154　172 
嘟　2362　31　77211　26 
聆　1703　31　87248　105 
靶　1174　31　39042　26 
眺　1111　31　579883　42 
啄　1030　31　42963　12 
　969　31　73440　23 
茁　958　31　18306　17 
偎　958　31　31056　9 
惕　860　31　64362　22 
　760　31　155216　62 
a　679　31　27222　10 
c　615　31　64780　21 
C　602　31　26400　9 
弧549　31　24660　62 
躇　525　31　90805　10 
P　514　31　116711　10 
剔　486　31　62940　54 
琢　329　31　149380　29 
N　300　31　53860　9 
迸　178　31　49002　11 
脯　153　31　46911　10 
筵　98　31　46473　10 
蘸　41　31　26447　6 
昭　13816　30　3084720　121 
馨　4093　30　198429　148 
霍　2102　30　363988　106 
卦　1663　30　161923　38 
檬　1524　30　112504　23 
K　1510　30　293594　75 
　1403　30　51260　22 
恍　1352　30　120858　33 
吠　1054　30　110788　9 
茄　764　30　425209　137 
炬　762　30　70142　13 
a　722　30　22097　11 
偕　683　30　61955　35 
蜻　535　30　26783　7 
{　535　30　11678　96 
堋526　30　42213　11 
蜓　514　30　17797　5 
t　439　30　77662　6 
峭　360　30　93063　23 
檀　356　30　118321　8 
榻　309　30　49378　16 
O　289　30　29797　8 
　279　30　152085　20 
豺　273　30　21762　3 
哮　244　30　66317　14 
蜿　220　30　20561　21 
捎　172　30　40760　3 
帛　142　30　38242　7 
　113　30　235142　10 
砝　90　30　5348　0 
柬　76　30　137028　16 
b　18834　29　541145　89 
　5551　29　162424　31 
雁　2926　29　230094　12 
Q　1337　29　155350　64 
O　1261　29　176709　16 
犀　1165　29　80574　34 
淆　1129　29　36192　32 
棠　1038　29　117519　9 
　1005　29　103762　22 
虔　999　29　80271　43 
G　706　29　335165　14 
憎　703　29　241684　15 
抨　639　29　30357　51 
　635　29　97529　41 
I　470　29　273505　13 
[　399　29　70511　24 
~　346　29　166168　4 
湃　323　29　29008　6 
　321　29　8955　25 
笆　312　29　39284　4 
　303　29　108140　51 
啻　189　29　104820　12 
Z　148　29　8258　9 
　100　29　59038　1 
豌　63　29　53560　10 
彭　5481　28　314238　159 
杉　4947　28　946890　136 
t　2967　28　142053　39 
坎　2649　28　128591　75 
匿　2530　28　256268　39 
W　2300　28　26371　83 
拙　1719　28　182058　44 
T　1504　28　223549　37 
琉　1414　28　264196　18 
呱　1165　28　41291　3 
蜀　1132　28　124154　8 
揣　1017　28　69634　33 
吭　832　28　41324　10 
亥　814　28　76380　14 
妃　803　28　234916　47 
咆　747　28　54624　11 
沐　727　28　111188　55 
扼　573　28　60042　21 
砰　564　28　150887　2 
A　527　28　134240　8 
]　517　28　244184　10 
　478　28　79895　16 
U　434　28　125343　94 
婪　390　28　48185　19 
病302　28　28864　28 
E　291　28　40683　16 
簟177　28　24470　9 
A　162　28　78673　4 
蚩　50　28　11248　0 
o　15　28　0　1 
坪　7643　27　526318　229 
妗7147　27　129167　38 
眷　3326　27　122905　94 
毋　3073　27　59635　40 
瑟　2931　27　194342　146 
J　2024　27　302241　231 
炫　1561　27　65457　49 
瀚　1351　27　39789　24 
r　1237　27　175661　39 
孽　1137　27　51606　11 
淌　907　27　58596　8 
x　637　27　625246　18 
Y　603　27　201172　41 
紊　487　27　100649　8 
迂　459　27　89479　8 
擂　436　27　51703　10 
徙　371　27　120032　13 
　290　27　18764　10 
苞　256　27　48418　8 
俸　225　27　68237　7 
晾　199　27　40990　9 
嘀　109　27　29580　9 
V　92　27　241486　19 
佃　78　27　172229　3 
巍8405　26　1135445　264 
涵　6870　26　295381　245 
牡　4509　26　1087842　72 
　4036　26　201449　51 
壹　3679　26　130861　27 
獭3643　26　55440　32 
O　1676　26　81152　25 
　1663　26　84640　18 
H　1605　26　83256　47 
叩　1059　26　546387　30 
x　927　26　75553　11 
隘　848　26　39645　19 
瘤　744　26　362977　122 
娥　583　26　72045　7 
嬉　535　26　1382075　31 
酋　527　26　41472　19 
俟　479　26　44534　21 
庇　439　26　80254　16 
矗　387　26　1612573　19 
遏　323　26　103184　23 
q　239　26　21082　14 
G　225　26　89956　3 
捻　214　26　123324　14 
　195　26　38419　7 
　190　26　73912　9 
泵　121　26　114280　6 
c　46　26　25567　10 
喔　92913　25　400933　102 
几　3882　25　127308　12 
x　2980　25　453916　30 
栗　2476　25　741483　104 
　2411　25　30765　28 
湘　2284　25　459168　46 
奎　961　25　102719　35 
苔　890　25　152976　12 
汲　877　25　129186　45 
瞌　866　25　14576　6 
恬　712　25　63230　54 
揍　683　25　26766　9 
g　635　25　517887　26 
啊569　25　51642　37 
眩　558　25　161225　22 
蛀　505　25　19483　4 
K　489　25　80946　9 
雍　466　25　105220　22 
H　463　25　20010　9 
尽256　25　97733　3 
痰　255　25　6685066　18 
咋　213　25　65958　11 
　180　25　17791　7 
嘈　158　25　42923　10 
勺　145　25　52129　8 
　125　25　138118　13 
惴　70　25　19103　4 
`　26　25　10772　0 
椰　15110　24　68618　50 
魅　5188　24　1066422　253 
b　1739　24　129951　31 
悍　1546　24　101287　64 
丞　1308　24　176636　5 
　1140　24　42766　8 
冕　643　24　90238　28 
搔　626　24　35290　18 
芯　547　24　414922　5 
猖　453　24　87638　10 
疙　365　24　28274　9 
淮　335　24　174480　19 
桅　42　24　20105　4 
彬　7594　23　150993　44 
浦　1875　23　1935411　103 
茵　1614　23　141271　87 
淳　1246　23　393927　24 
懦　997　23　34958　2 
萎　989　23　146478　70 
磋　983　23　57974　21 
峙　923　23　75019　22 
　885　23　120961　23 
\　829　23　31755　3 
|　630　23　248235　93 
蜥　563　23　23825　31 
梧　477　23　94655　19 
噬　429　23　54385　16 
瘩　345　23　17813　9 
迭　300　23　69613　26 
栩　249　23　36054　35 
桀　148　23　18011　10 
}　139　23　18834　18 
跺　138　23　43209　0 
撬　115　23　44983　3 
蚜　106　23　35164　0 
溴　27　23　49786　1 
凰　211767　22　156594　46 
霹　6653　22　61910　42 
屎　2607　22　67469　17 
斐　1368　22　365855　34 
晦　1336　22　97223　14 
樵　1155　22　53364　12 
椒　979　22　186501　91 
隅　953　22　325243　20 
俐　951　22　50999　56 
喀　898　22　99588　36 
嫉　750　22　127392　30 
疚　717　22　47950　6 
k　597　22　66516　17 
祠　573　22　379052　8 
惋　507　22　22582　15 
圳　485　22　710126　42 
　481　22　72901　23 
踝　284　22　25062　26  